Timestamp,Milliseconds,X,Y,Z
2019-10-30 21:08:10,1,-0.1559003,-0.48564476,-0.51824987
2019-10-30 21:08:10,12,-0.07893134,-0.64080435,-0.6245403
2019-10-30 21:08:10,21,-0.003184106,-0.6676824,-0.71250486
2019-10-30 21:08:10,31,0.09821943,-0.6762345,-0.8102432
2019-10-30 21:08:10,41,0.18984914,-0.62858707,-0.9067598
2019-10-30 21:08:10,51,0.18129703,-0.62003493,-0.94585514
2019-10-30 21:08:10,61,0.12143229,-0.6676824,-0.9470769
2019-10-30 21:08:10,72,0.035911236,-0.76908594,-0.91286844
2019-10-30 21:08:10,81,-0.060605384,-0.8607156,-0.85178196
2019-10-30 21:08:10,91,-0.14246127,-0.88148504,-0.77114785
2019-10-30 21:08:10,101,-0.15956548,-0.8924806,-0.68929195
2019-10-30 21:08:10,111,-0.09725728,-0.86438084,-0.61110127
2019-10-30 21:08:10,121,0.03468951,-0.80329436,-0.5390192
2019-10-30 21:08:10,132,0.213062,-0.7116647,-0.46082854
2019-10-30 21:08:10,141,0.41220394,-0.56261367,-0.39485514
2019-10-30 21:08:10,151,0.59301984,-0.37446737,-0.3582033
2019-10-30 21:08:10,161,0.77505755,-0.081252314,-0.34720773
2019-10-30 21:08:10,171,0.8349223,0.07757252,-0.3386556
2019-10-30 21:08:10,181,0.8569134,0.1508763,-0.3252166
2019-10-30 21:08:10,192,0.8434744,0.14965457,-0.30689067
2019-10-30 21:08:10,201,0.7970487,0.094676726,-0.28856468
2019-10-30 21:08:10,211,0.7359622,-0.02871794,-0.27756912
2019-10-30 21:08:10,221,0.6651019,-0.18387757,-0.25191283
2019-10-30 21:08:10,231,0.59301984,-0.3500328,-0.20304365
2019-10-30 21:08:10,241,0.5209378,-0.49053168,-0.14562237
2019-10-30 21:08:10,251,0.45618618,-0.55894846,-0.101640105
2019-10-30 21:08:10,262,0.39143452,-0.5137445,-0.06865342
2019-10-30 21:08:10,271,0.37677377,-0.42211482,-0.05887958
2019-10-30 21:08:10,281,0.38410416,-0.30971572,-0.06620996
2019-10-30 21:08:10,291,0.42197776,-0.1973166,-0.0808707
2019-10-30 21:08:10,301,0.4684035,-0.09591306,-0.093088
2019-10-30 21:08:10,311,0.48795116,-0.0091702705,-0.1053053
2019-10-30 21:08:10,322,0.48184252,0.053137932,-0.11874433
2019-10-30 21:08:10,331,0.4610731,0.075129054,-0.13218334
2019-10-30 21:08:10,341,0.4195343,0.06535522,-0.15661794
2019-10-30 21:08:10,351,0.3401219,0.042142365,-0.20304365
2019-10-30 21:08:10,361,0.2252793,0.020151237,-0.23603036
2019-10-30 21:08:10,372,0.12143229,0.044585828,-0.24946937
2019-10-30 21:08:10,381,0.022472214,0.1264417,-0.27390397
2019-10-30 21:08:10,391,-0.03372734,0.2388408,-0.31055582
2019-10-30 21:08:10,401,-0.045944635,0.32069668,-0.36431193
2019-10-30 21:08:10,411,-0.022731777,0.38178313,-0.4217332
2019-10-30 21:08:10,421,0.016363565,0.43920442,-0.46449375
2019-10-30 21:08:10,431,0.03468951,0.48563015,-0.48281968
2019-10-30 21:08:10,441,0.010254918,0.55404705,-0.48037624
2019-10-30 21:08:10,452,-0.03372734,0.48196495,-0.49259353
2019-10-30 21:08:10,461,-0.07037923,0.4135481,-0.51091945
2019-10-30 21:08:10,471,-0.11802668,0.42698714,-0.43395048
2019-10-30 21:08:10,481,-0.14001781,0.108115755,-0.42051148
2019-10-30 21:08:10,491,-0.18400007,-0.023831023,-0.36553365
2019-10-30 21:08:10,501,-0.23286925,-0.040935233,-0.29711682
2019-10-30 21:08:10,511,-0.28540358,-0.06659155,-0.18471771
2019-10-30 21:08:10,521,-0.36237255,-0.2058687,-0.1260747
2019-10-30 21:08:10,531,-0.3770333,-0.3341503,-0.029558074
2019-10-30 21:08:10,541,-0.3770333,-0.33903724,0.07062374
2019-10-30 21:08:10,551,-0.34649006,-0.2962767,0.14270577
2019-10-30 21:08:10,561,-0.2438648,-0.24007712,0.22944857
2019-10-30 21:08:10,571,-0.09847901,-0.21319908,0.31985658
2019-10-30 21:08:10,581,-0.026396964,-0.27672902,0.36017364
2019-10-30 21:08:10,592,0.03224605,6.0356525E-4,0.32718694
2019-10-30 21:08:10,601,0.11410192,0.1227765,0.36017364
2019-10-30 21:08:10,611,0.1629711,0.0519162,0.35650843
2019-10-30 21:08:10,621,0.15197553,-0.043378692,0.2844264
2019-10-30 21:08:10,632,0.13364959,-0.25351617,0.26976568
2019-10-30 21:08:10,641,0.12387575,-0.5894917,0.11949292
2019-10-30 21:08:10,651,0.094554245,-0.5992655,-0.024671156
2019-10-30 21:08:10,662,0.035911236,-0.63836086,-0.10897049
2019-10-30 21:08:10,671,-0.0899269,-0.8790416,-0.0723186
2019-10-30 21:08:10,681,-0.34282488,-1.1612612,0.16225344
2019-10-30 21:08:10,692,-0.49309757,-0.79840744,0.22333992
2019-10-30 21:08:10,701,-0.53341466,-0.5723875,0.35895193
2019-10-30 21:08:11,711,-0.545632,-0.47342747,0.34917808
2019-10-30 21:08:11,722,-0.5126453,-0.5039707,0.2844264
2019-10-30 21:08:11,731,-0.4772151,-0.60781765,0.19401841
2019-10-30 21:08:11,741,-0.4564457,-0.7935205,0.08894968
2019-10-30 21:08:11,752,-0.4478936,-1.04031,-0.056436118
2019-10-30 21:08:11,761,-0.4515588,-1.0769619,-0.09919666
2019-10-30 21:08:11,771,-0.47599337,-1.1136137,-0.2213696
2019-10-30 21:08:11,781,-0.48576722,-1.1600394,-0.30444717
2019-10-30 21:08:11,791,-0.46988472,-1.1050617,-0.36186844
2019-10-30 21:08:11,802,-0.44667187,-0.99510586,-0.38508135
2019-10-30 21:08:11,811,-0.28051665,-0.45143634,-0.45349818
2019-10-30 21:08:11,821,-0.088705175,-0.09224787,-0.51091945
2019-10-30 21:08:11,831,0.13609305,0.15698494,-0.57689285
2019-10-30 21:08:11,841,0.34378707,0.3475747,-0.63920105
2019-10-30 21:08:11,851,0.54415065,0.4587521,-0.72227865
2019-10-30 21:08:11,862,0.57713735,0.49662572,-0.7430481
2019-10-30 21:08:11,871,0.57713735,0.6090249,-0.8139084
2019-10-30 21:08:11,881,0.46596003,0.8863575,-1.0924627
2019-10-30 21:08:11,891,0.4610731,0.8826923,-1.0350415
2019-10-30 21:08:11,901,0.46718174,0.8594794,-0.8468951
2019-10-30 21:08:11,911,0.43786025,0.81183195,-0.6807399
2019-10-30 21:08:11,922,0.38043895,0.68232864,-0.6025492
2019-10-30 21:08:11,931,0.33401325,0.50639963,-0.5414627
2019-10-30 21:08:11,941,0.31446558,0.29992726,-0.5158064
2019-10-30 21:08:11,952,0.32179594,0.094676726,-0.47915447
2019-10-30 21:08:11,961,0.35233918,0.018929506,-0.47304583
2019-10-30 21:08:11,971,0.35844782,0.043364096,-0.6001057
2019-10-30 21:08:11,981,0.34989572,0.094676726,-0.7015093
2019-10-30 21:08:11,991,0.34989572,0.07390733,-0.7784782
2019-10-30 21:08:11,1002,0.36822167,0.054359663,-0.83712125
2019-10-30 21:08:11,1011,0.41709083,6.0356525E-4,-0.87132967
2019-10-30 21:08:11,1021,0.47206867,-0.042156965,-0.8896556
2019-10-30 21:08:11,1031,0.49894673,-0.12645629,-0.9311944
2019-10-30 21:08:11,1041,0.5197161,-0.1973166,-0.9568507
2019-10-30 21:08:11,1052,0.5856895,-0.32681993,-0.88476866
2019-10-30 21:08:11,1061,0.6052371,-0.5821613,-0.7943607
2019-10-30 21:08:11,1071,0.49772498,-1.0696315,-0.61354476
2019-10-30 21:08:11,1081,0.348674,-1.6145228,-0.22381306
2019-10-30 21:08:11,1092,-0.03861426,-2.01525,-0.19449155
2019-10-30 21:08:11,1101,-0.39658096,-2.2119484,-0.18471771
2019-10-30 21:08:11,1111,-0.6543659,-2.2962477,-0.1297399
2019-10-30 21:08:11,1121,-0.77653885,-2.353669,-0.06620996
2019-10-30 21:08:11,1131,-0.8803859,-2.4636247,-0.15661794
2019-10-30 21:08:11,1142,-0.8999335,-2.321904,-0.3716423
2019-10-30 21:08:11,1151,-0.870612,-1.9566071,-0.5842233
2019-10-30 21:08:11,1161,-0.8522861,-1.5033455,-0.46693718
2019-10-30 21:08:11,1171,-0.88893795,-1.3542944,-0.14562237
2019-10-30 21:08:11,1181,-0.947581,-0.96456265,-0.10652703
2019-10-30 21:08:11,1192,-0.81074727,-0.77030766,-0.0723186
2019-10-30 21:08:11,1201,-0.6030533,-0.59560037,0.011980729
2019-10-30 21:08:11,1211,-0.45278051,-0.5394008,0.03885878
2019-10-30 21:08:11,1221,-0.38314193,-0.7177733,0.03885878
2019-10-30 21:08:11,1231,-0.38314193,-1.026871,0.20257051
2019-10-30 21:08:11,1241,-0.513867,-1.4886847,0.4322557
2019-10-30 21:08:11,1252,-0.72644794,-1.8246603,0.5544286
2019-10-30 21:08:11,1261,-0.9035987,-1.7562435,0.6289541
2019-10-30 21:08:11,1271,-0.9830111,-1.4043853,0.692484
2019-10-30 21:08:11,1281,-0.9121508,-1.1747003,0.6827102
2019-10-30 21:08:11,1292,-0.77653885,-0.8900372,0.6631625
2019-10-30 21:08:11,1301,-0.63604,-0.6640172,0.68148845
2019-10-30 21:08:11,1311,-0.48210204,-0.6273653,0.75967914
2019-10-30 21:08:11,1321,-0.23042579,-0.88148504,1.0211293
2019-10-30 21:08:11,1331,0.09577598,-1.067188,1.4279652
2019-10-30 21:08:11,1342,0.3731086,-1.2199042,1.5941204
2019-10-30 21:08:11,1352,0.46229485,-1.1331614,1.2947966
2019-10-30 21:08:11,1361,0.41586912,-0.9743365,1.1518543
2019-10-30 21:08:11,1371,0.30469173,-0.60659593,0.8818521
2019-10-30 21:08:11,1381,0.23871832,0.23151043,0.53243744
2019-10-30 21:08:11,1391,0.26315293,0.7434151,0.34062594
2019-10-30 21:08:11,1402,0.26681814,1.1074904,0.14637096
2019-10-30 21:08:11,1411,0.19107087,1.3176278,-0.03322326
2019-10-30 21:08:11,1421,0.018807024,1.294415,-0.18471771
2019-10-30 21:08:11,1431,-0.15101337,1.0769471,-0.27390397
2019-10-30 21:08:11,1442,-0.19621736,0.7898408,-0.25679976
2019-10-30 21:08:11,1451,-0.099700734,0.52106035,-0.1346268
2019-10-30 21:08:11,1461,0.11410192,0.15454148,0.06329337
2019-10-30 21:08:11,1471,0.3572261,-0.020165836,0.3699475
2019-10-30 21:08:11,1481,0.15808417,0.23273216,0.5251071
2019-10-30 21:08:11,1491,0.11654537,0.29137516,0.6692712
2019-10-30 21:08:11,1502,0.13609305,0.48929533,0.76456606
2019-10-30 21:08:11,1511,0.10554981,0.83260137,0.89162594
2019-10-30 21:08:11,1521,0.02980259,1.4239182,1.1860627
2019-10-30 21:08:11,1532,-0.09237036,1.8747364,1.4719474
2019-10-30 21:08:11,1541,-0.11802668,2.270577,1.6100029
2019-10-30 21:08:11,1551,0.038354695,2.4294016,1.4951602
2019-10-30 21:08:11,1561,0.33645672,2.0213442,1.1628499
2019-10-30 21:08:11,1572,0.6357804,1.5008873,0.89162594
2019-10-30 21:08:11,1582,0.85324824,1.1551378,0.74746186
2019-10-30 21:08:11,1591,1.012073,0.870475,0.6668277
2019-10-30 21:08:11,1601,1.102481,0.495404,0.5971891
2019-10-30 21:08:11,1611,1.0413946,0.2681623,0.5312157
2019-10-30 21:08:11,1621,0.9082261,0.14110245,0.47501618
2019-10-30 21:08:11,1632,0.7310753,0.09101154,0.42126012
2019-10-30 21:08:11,1641,0.52948993,0.053137932,0.36261708
2019-10-30 21:08:11,1651,0.3413436,-0.075143665,0.2856481
2019-10-30 21:08:11,1661,0.1922926,-0.4538798,0.14026232
2019-10-30 21:08:11,1672,0.14097996,-0.7935205,0.029084943
2019-10-30 21:08:11,1681,0.11043672,-1.1490439,-0.06743169
2019-10-30 21:08:11,1691,0.07867176,-1.4129375,-0.14562237
2019-10-30 21:08:11,1701,-0.004405835,-1.4141592,-0.2384738
2019-10-30 21:08:12,1711,-0.14123954,-1.1026182,-0.33987737
2019-10-30 21:08:12,1722,-0.31716856,-0.6481347,-0.43272877
2019-10-30 21:08:12,1731,-0.4723282,-0.23152502,-0.5231368
2019-10-30 21:08:12,1741,-0.5761752,0.0311468,-0.6379793
2019-10-30 21:08:12,1751,-0.64337033,0.20585412,-0.77481306
2019-10-30 21:08:12,1761,-0.6409269,0.19241509,-0.83712125
2019-10-30 21:08:12,1772,-0.6128271,0.06902041,-0.85300374
2019-10-30 21:08:12,1781,-0.54807544,-0.005505082,-0.8090215
2019-10-30 21:08:12,1791,-0.43811977,0.034811992,-0.6978441
2019-10-30 21:08:12,1801,-0.31228164,0.18752818,-0.55978864
2019-10-30 21:08:12,1811,-0.22553886,0.4086612,-0.42906362
2019-10-30 21:08:12,1822,-0.19743909,0.64567673,-0.33987737
2019-10-30 21:08:12,1831,-0.23164752,0.8533708,-0.23603036
2019-10-30 21:08:12,1841,-0.33915967,1.1050469,-0.13096163
2019-10-30 21:08:12,1851,-0.49065414,1.5387609,-0.025892884
2019-10-30 21:08:12,1861,-0.7411087,2.3304417,0.1891315
2019-10-30 21:08:12,1872,-0.89260316,2.4990404,0.34673458
2019-10-30 21:08:12,1881,-1.1186231,2.387863,0.5764197
2019-10-30 21:08:12,1891,-1.3043259,1.994466,0.74379665
2019-10-30 21:08:12,1901,-1.286,1.7012509,0.7205838
2019-10-30 21:08:12,1911,-1.2200266,1.3811578,0.65094525
2019-10-30 21:08:12,1921,-1.110071,0.987761,0.55320686
2019-10-30 21:08:12,1931,-0.96712863,0.50517786,0.43958604
2019-10-30 21:08:12,1942,-0.8034169,0.03603372,0.34795636
2019-10-30 21:08:12,1951,-0.6372617,-0.41478446,0.26976568
2019-10-30 21:08:12,1961,-0.51631045,-0.83628106,0.19035323
2019-10-30 21:08:12,1972,-0.45888916,-1.1062834,0.10361044
2019-10-30 21:08:12,1981,-0.5248626,-1.221126,-0.030779801
2019-10-30 21:08:12,1991,-0.6409269,-1.1148355,-0.17494388
2019-10-30 21:08:12,2001,-0.766765,-0.96334094,-0.3716423
2019-10-30 21:08:12,2011,-0.84006876,-0.81917685,-0.5451279
2019-10-30 21:08:12,2022,-0.89015967,-0.3463676,-0.684405
2019-10-30 21:08:12,2031,-0.99767184,-0.21319908,-0.910425
2019-10-30 21:08:12,2041,-1.12351,-0.45265806,-1.0826888
2019-10-30 21:08:12,2051,-1.0526497,-0.6835649,-1.2231877
2019-10-30 21:08:12,2061,-0.8156342,-0.8142899,-1.2769438
2019-10-30 21:08:12,2072,-0.40513307,-1.0464187,-1.2207443
2019-10-30 21:08:12,2081,-0.16811758,-1.2382301,-1.1987531
2019-10-30 21:08:12,2091,0.022472214,-1.4618067,-1.2305181
2019-10-30 21:08:12,2101,0.16174936,-1.6682789,-1.3026001
2019-10-30 21:08:12,2111,0.24971388,-1.807556,-1.3954515
2019-10-30 21:08:12,2122,0.27537024,-1.8063344,-1.4907465
2019-10-30 21:08:12,2131,0.20328817,-1.6707224,-1.570159
2019-10-30 21:08:12,2141,-0.020288318,-1.5937535,-1.7045492
2019-10-30 21:08:12,2151,-0.22309542,-1.3115339,-1.7656356
2019-10-30 21:08:12,2161,-0.35992908,-0.48197958,-1.7839615
2019-10-30 21:08:12,2172,-0.35382044,-0.016500646,-1.799844
2019-10-30 21:08:12,2181,-0.35382044,0.088568084,-1.7790747
2019-10-30 21:08:12,2191,-0.3929158,-0.113017276,-1.6898884
2019-10-30 21:08:12,2201,-0.47843683,-0.57116574,-1.5127376
2019-10-30 21:08:12,2211,-0.48576722,-0.76664245,-1.3612431
2019-10-30 21:08:12,2222,-0.4185721,-0.67501277,-1.2341833
2019-10-30 21:08:12,2231,-0.2988426,-0.34758934,-1.1376667
2019-10-30 21:08:12,2241,-0.16933931,0.03969891,-1.0521456
2019-10-30 21:08:12,2252,-0.049609825,0.301149,-0.94952035
2019-10-30 21:08:12,2261,0.04812853,0.3426878,-0.82979083
2019-10-30 21:08:12,2271,0.14831033,0.10689402,-0.66241395
2019-10-30 21:08:12,2281,0.20939681,-0.04826561,-0.5658973
2019-10-30 21:08:12,2291,0.36699995,-0.039713506,-0.4388374
2019-10-30 21:08:12,2301,0.48795116,0.1349938,-0.42295492
2019-10-30 21:08:12,2312,0.6027937,0.2388408,-0.43028533
2019-10-30 21:08:12,2321,0.7041972,0.10322884,-0.4241767
2019-10-30 21:08:12,2331,0.7860531,-0.2510727,-0.3887465
2019-10-30 21:08:12,2341,0.83736575,-0.67134756,-0.34109908
2019-10-30 21:08:12,2351,0.8422527,-1.0073233,-0.2958951
2019-10-30 21:08:12,2362,0.7701706,-1.2028,-0.22747825
2019-10-30 21:08:12,2371,0.6235631,-1.234565,-0.1053053
2019-10-30 21:08:12,2381,0.34256536,-0.9731147,0.12926675
2019-10-30 21:08:12,2391,0.18740568,-0.6298088,0.27709603
2019-10-30 21:08:12,2401,0.07867176,-0.25595963,0.4041559
2019-10-30 21:08:12,2412,-0.004405835,0.007933942,0.49456382
2019-10-30 21:08:12,2421,-0.081374794,0.12521997,0.5312157
2019-10-30 21:08:12,2431,-0.15101337,0.1679805,0.5312157
2019-10-30 21:08:12,2441,-0.19499564,0.28160134,0.5177767
2019-10-30 21:08:12,2451,-0.22920406,0.4758563,0.50678116
2019-10-30 21:08:12,2462,-0.26096898,0.6945459,0.4921204
2019-10-30 21:08:12,2471,-0.28296012,0.8863575,0.46890754
2019-10-30 21:08:12,2482,-0.28906876,1.127038,0.40537763
2019-10-30 21:08:12,2491,-0.27074283,1.2773107,0.34062594
2019-10-30 21:08:12,2502,-0.21332158,1.4336921,0.27343082
2019-10-30 21:08:12,2511,-0.13879608,1.574191,0.21723127
2019-10-30 21:08:12,2521,-0.064270586,1.6841466,0.16958383
2019-10-30 21:08:12,2531,-0.028840423,1.6988075,0.115827724
2019-10-30 21:08:12,2541,-0.028840423,1.6731511,0.06818028
2019-10-30 21:08:12,2551,-0.050831553,1.6474948,0.074288934
2019-10-30 21:08:12,2562,-0.07526615,1.6083994,0.19401841
2019-10-30 21:08:12,2571,-0.07160096,1.5424261,0.2844264
2019-10-30 21:08:12,2581,-0.037392527,1.4068141,0.3503998
2019-10-30 21:08:12,2591,0.023693942,1.1856811,0.3846082
2019-10-30 21:08:12,2601,0.09821943,0.92423105,0.40293413
2019-10-30 21:08:12,2611,0.16663629,0.64567673,0.42859048
2019-10-30 21:08:12,2621,0.18740568,0.3231401,0.45424682
2019-10-30 21:08:12,2631,0.1299844,-0.02871794,0.49456382
2019-10-30 21:08:12,2641,0.027359132,-0.3378155,0.5275506
2019-10-30 21:08:12,2651,-0.020288318,-0.46731883,0.47623795
2019-10-30 21:08:12,2661,0.04812853,-0.3549197,0.26365703
2019-10-30 21:08:12,2672,0.30224827,-0.15211262,-0.0063452125
2019-10-30 21:08:12,2681,0.4231995,-0.05559599,-0.049105745
2019-10-30 21:08:12,2691,0.80682254,0.21684968,-0.06987515
2019-10-30 21:08:12,2701,1.0096296,0.3097011,-0.013675589
2019-10-30 21:08:13,2711,1.1256939,0.35368335,0.06940201
2019-10-30 21:08:13,2722,1.1354678,0.3720093,0.1475927
2019-10-30 21:08:13,2731,1.0548335,0.36956584,0.20867917
2019-10-30 21:08:13,2741,0.913113,0.35368335,0.24777453
2019-10-30 21:08:13,2751,0.7371839,0.35979202,0.2856481
2019-10-30 21:08:13,2761,0.5527028,0.4013308,0.3369608
2019-10-30 21:08:13,2772,0.31690904,0.49662572,0.42614704
2019-10-30 21:08:13,2781,0.25582257,0.5296125,0.44447297
2019-10-30 21:08:13,2791,0.16052763,0.64934194,0.42248183
2019-10-30 21:08:13,2802,0.16174936,0.7373065,0.34917808
2019-10-30 21:08:13,2811,0.1922926,0.81916237,0.24899624
2019-10-30 21:08:13,2821,0.24971388,0.8374883,0.15247962
2019-10-30 21:08:13,2831,0.3156873,0.7922843,0.09017141
2019-10-30 21:08:13,2841,0.37188685,0.6749983,0.05474126
2019-10-30 21:08:13,2852,0.39998662,0.52106035,0.003428623
2019-10-30 21:08:13,2861,0.3816607,0.35979202,-0.09430973
2019-10-30 21:08:13,2871,0.23138794,0.18019779,-0.28489953
2019-10-30 21:08:13,2882,0.094554245,0.12521997,-0.36064672
2019-10-30 21:08:13,2891,-0.17544797,0.11178094,-0.4253984
2019-10-30 21:08:13,2901,-0.37947676,0.13132863,-0.42051148
2019-10-30 21:08:13,2911,-0.55174065,0.17775434,-0.41073763
2019-10-30 21:08:13,2921,-0.72278273,0.2889317,-0.40218556
2019-10-30 21:08:13,2932,-0.89260316,0.4880736,-0.40707248
2019-10-30 21:08:13,2941,-1.006224,0.71531534,-0.37408578
2019-10-30 21:08:13,2952,-1.0587584,0.78128874,-0.22747825
2019-10-30 21:08:13,2961,-1.056315,0.8533708,-0.0515492
2019-10-30 21:08:13,2971,-1.0098891,0.9987565,0.0852845
2019-10-30 21:08:13,2981,-0.8828293,1.131925,0.20012707
2019-10-30 21:08:13,2991,-0.7692085,1.1111555,0.22456165
2019-10-30 21:08:13,3001,-0.64337033,1.0109737,0.21967474
2019-10-30 21:08:13,3011,-0.50653666,0.8350448,0.19524014
2019-10-30 21:08:13,3022,-0.36359426,0.57359475,0.20257051
2019-10-30 21:08:13,3031,-0.20965639,0.24617119,0.30030888
2019-10-30 21:08:13,3041,-0.026396964,-0.07025675,0.51899844
2019-10-30 21:08:13,3051,0.13609305,-0.23396848,0.8329829
2019-10-30 21:08:13,3061,0.290031,-0.40989754,1.1261979
2019-10-30 21:08:13,3071,0.5258247,-0.6310305,1.3265616
2019-10-30 21:08:13,3082,1.0206251,-0.7800815,1.2593665
2019-10-30 21:08:13,3091,1.238093,-0.7971857,1.049229
2019-10-30 21:08:13,3101,1.4970996,-0.8704895,0.63139755
2019-10-30 21:08:13,3111,1.5911728,-0.91447175,0.38827342
2019-10-30 21:08:13,3121,1.5508558,-0.88515025,0.28931332
2019-10-30 21:08:13,3132,1.360266,-0.80329436,0.27587432
2019-10-30 21:08:13,3142,1.030399,-0.6432478,0.25999182
2019-10-30 21:08:13,3151,0.6479977,-0.40867582,0.2587701
2019-10-30 21:08:13,3161,0.2045099,-0.045822155,0.32840866
2019-10-30 21:08:13,3172,-0.03861426,0.11666786,0.38949513
2019-10-30 21:08:13,3181,-0.40391135,0.20218892,0.45424682
2019-10-30 21:08:13,3191,-0.67635703,0.075129054,0.42126012
2019-10-30 21:08:13,3201,-0.79242134,-0.17532547,0.3051958
2019-10-30 21:08:13,3211,-0.8144125,-0.5015272,0.097501785
2019-10-30 21:08:13,3222,-0.7826475,-0.80329436,-0.19082636
2019-10-30 21:08:13,3231,-0.7337783,-1.0390882,-0.5121412
2019-10-30 21:08:13,3241,-0.67635703,-1.1551526,-0.8126866
2019-10-30 21:08:13,3251,-0.6164923,-1.1209441,-1.0252676
2019-10-30 21:08:13,3261,-0.58228385,-0.9743365,-1.1388884
2019-10-30 21:08:13,3271,-0.56517965,-0.78741187,-1.163323
2019-10-30 21:08:13,3282,-0.48332375,-0.54550946,-1.077802
2019-10-30 21:08:13,3291,-0.39169404,-0.43555385,-0.8395647
2019-10-30 21:08:13,3301,-0.31716856,-0.37568912,-0.49259353
2019-10-30 21:08:13,3311,-0.28906876,-0.3879064,-0.14928757
2019-10-30 21:08:13,3321,-0.28662533,-0.54428774,0.098723516
2019-10-30 21:08:13,3332,-0.2731863,-0.8118465,0.18424457
2019-10-30 21:08:13,3341,-0.2573038,-1.0342014,0.12804502
2019-10-30 21:08:13,3352,-0.28662533,-1.1356049,-0.03933191
2019-10-30 21:08:13,3361,-0.3318293,-1.0745184,-0.16639178
2019-10-30 21:08:13,3371,-0.38925058,-0.91202825,-0.33132523
2019-10-30 21:08:13,3381,-0.378255,-0.54306597,-0.6856268
2019-10-30 21:08:13,3391,-0.30495125,-0.2755073,-0.8566689
2019-10-30 21:08:13,3402,-0.18522179,-0.03238313,-0.92997265
2019-10-30 21:08:13,3411,-0.03494907,0.17531088,-0.9434117
2019-10-30 21:08:13,3421,0.13731477,0.3133663,-0.9275292
2019-10-30 21:08:13,3431,0.32668287,0.36467892,-0.89576423
2019-10-30 21:08:13,3441,0.51727265,0.35734856,-0.86277753
2019-10-30 21:08:13,3452,0.69320166,0.30237073,-0.8407864
2019-10-30 21:08:13,3461,0.83370054,0.19852374,-0.81757355
2019-10-30 21:08:13,3471,0.93266064,0.006712212,-0.75893056
2019-10-30 21:08:13,3481,0.913113,-0.10202171,-0.68807024
2019-10-30 21:08:13,3491,0.83736575,-0.15333433,-0.6037709
2019-10-30 21:08:13,3502,0.7151928,-0.08858269,-0.5243585
2019-10-30 21:08:13,3511,0.569807,0.08734635,-0.4571634
2019-10-30 21:08:13,3521,0.40365183,0.3231401,-0.41562456
2019-10-30 21:08:13,3531,0.22772275,0.55038184,-0.38752478
2019-10-30 21:08:13,3541,0.06645447,0.69576764,-0.36186844
2019-10-30 21:08:13,3551,-0.07526615,0.7299761,-0.3288818
2019-10-30 21:08:13,3562,-0.19621736,0.72020227,-0.29467332
2019-10-30 21:08:13,3571,-0.3318293,0.6713331,-0.25802147
2019-10-30 21:08:13,3581,-0.35748562,0.6346812,-0.25313455
2019-10-30 21:08:13,3591,-0.36359426,0.46363902,-0.23969555
2019-10-30 21:08:13,3601,-0.30983818,0.314588,-0.24946937
2019-10-30 21:08:13,3611,-0.23164752,0.14965457,-0.30078202
2019-10-30 21:08:13,3622,-0.15712202,-0.021387564,-0.37775093
2019-10-30 21:08:13,3631,-0.11680495,-0.15699953,-0.42051148
2019-10-30 21:08:13,3641,-0.07282269,-0.3500328,-0.43272877
2019-10-30 21:08:13,3651,-0.015401401,-0.40745407,-0.39852035
2019-10-30 21:08:13,3661,0.0884456,-0.32437646,-0.33499044
2019-10-30 21:08:13,3672,0.1629711,-0.24618578,-0.29467332
2019-10-30 21:08:13,3681,0.20817508,-0.21197735,-0.27756912
2019-10-30 21:08:13,3691,0.28392234,-0.20709044,-0.2763474
2019-10-30 21:08:13,3701,0.35356092,-0.22052945,-0.2800126
2019-10-30 21:08:14,3711,0.44274718,-0.16310817,-0.255578
2019-10-30 21:08:14,3722,0.51849437,-0.025052754,-0.19815674
2019-10-30 21:08:14,3731,0.5490376,0.13255034,-0.10774876
2019-10-30 21:08:14,3741,0.538042,0.29137516,0.0070938114
2019-10-30 21:08:14,3751,0.5038336,0.4379827,0.13293195
2019-10-30 21:08:14,3761,0.46473828,0.55526876,0.24166586
2019-10-30 21:08:14,3771,0.39998662,0.6065814,0.28931332
2019-10-30 21:08:14,3782,0.27048331,0.545495,0.2551049
2019-10-30 21:08:14,3791,-0.03983599,0.26694056,0.06818028
2019-10-30 21:08:14,3801,-0.2389779,0.076350786,-0.12240951
2019-10-30 21:08:14,3811,-0.35504216,-0.007948541,-0.21648268
2019-10-30 21:08:14,3821,-0.3941375,0.048251014,-0.16517004
2019-10-30 21:08:14,3832,-0.3868071,0.15698494,-0.07354033
2019-10-30 21:08:14,3841,-0.3354945,0.31703147,-0.014897319
2019-10-30 21:08:14,3851,-0.24508655,0.5491601,0.03519359
2019-10-30 21:08:14,3861,-0.14246127,0.81061023,0.10483217
2019-10-30 21:08:14,3871,-0.044722907,1.0879427,0.1976836
2019-10-30 21:08:14,3882,-0.026396964,1.1355902,0.21723127
2019-10-30 21:08:14,3891,-0.021510046,1.1429205,0.24533106
2019-10-30 21:08:14,3901,-0.05816193,0.9926479,0.19646187
2019-10-30 21:08:14,3911,-0.12169187,0.79472774,0.16225344
2019-10-30 21:08:14,3921,-0.20476946,0.5467167,0.18424457
2019-10-30 21:08:14,3932,-0.30128607,0.2596102,0.22211818
2019-10-30 21:08:14,3941,-0.37458983,0.006712212,0.24044412
2019-10-30 21:08:14,3951,-0.4149069,-0.15455607,0.23677894
2019-10-30 21:08:14,3961,-0.42345902,-0.26939866,0.22578338
2019-10-30 21:08:14,3971,-0.3855854,-0.27672902,0.2392224
2019-10-30 21:08:14,3982,-0.33427277,-0.2584031,0.2551049
2019-10-30 21:08:14,3991,-0.23409098,-0.21197735,0.28320467
2019-10-30 21:08:14,4001,-0.16811758,-0.17776893,0.29420024
2019-10-30 21:08:14,4011,-0.1229136,-0.15822126,0.28931332
2019-10-30 21:08:14,4021,-0.09603555,-0.13989532,0.2685439
2019-10-30 21:08:14,4032,-0.08748344,-0.105686896,0.23311375
2019-10-30 21:08:14,4041,-0.09237036,-0.0519308,0.1891315
2019-10-30 21:08:14,4051,-0.10580938,0.028703341,0.14148405
2019-10-30 21:08:14,4061,-0.11313976,0.1227765,0.092614874
2019-10-30 21:08:14,4071,-0.12535706,0.22540179,0.04863261
2019-10-30 21:08:14,4082,-0.14856991,0.37078756,0.04863261
2019-10-30 21:08:14,4091,-0.15834375,0.40377426,0.060849905
2019-10-30 21:08:14,4101,-0.18522179,0.4465348,0.10483217
2019-10-30 21:08:14,4111,-0.19255218,0.44531307,0.12437984
2019-10-30 21:08:14,4121,-0.16323067,0.43065232,0.14881442
2019-10-30 21:08:14,4132,-0.08626171,0.4086612,0.18668804
2019-10-30 21:08:14,4141,0.03468951,0.36101374,0.22700511
2019-10-30 21:08:14,4151,0.16663629,0.3292488,0.24777453
2019-10-30 21:08:14,4162,0.2863658,0.3133663,0.26365703
2019-10-30 21:08:14,4171,0.31690904,0.21684968,0.34062594
2019-10-30 21:08:14,4181,0.2252793,0.10933749,0.42492527
2019-10-30 21:08:14,4192,0.068897925,0.17897607,0.35528672
2019-10-30 21:08:14,4201,-0.061827116,0.28648823,0.23555721
2019-10-30 21:08:14,4211,-0.19621736,0.2718275,0.15858826
2019-10-30 21:08:14,4221,-0.34771177,0.1679805,0.15003616
2019-10-30 21:08:14,4231,-0.47843683,0.07390733,0.1805794
2019-10-30 21:08:14,4242,-0.5285278,-0.011613729,0.24655278
2019-10-30 21:08:14,4251,-0.46744126,-0.11057382,0.3369608
2019-10-30 21:08:14,4262,-0.23286925,-0.20464697,0.44447297
2019-10-30 21:08:14,4271,-0.14123954,-0.22175118,0.46157718
2019-10-30 21:08:14,4281,0.06645447,-0.21442081,0.46157718
2019-10-30 21:08:14,4291,0.106771536,-0.1887645,0.42248183
2019-10-30 21:08:14,4302,0.075006574,-0.16066472,0.34795636
2019-10-30 21:08:14,4311,-0.008071024,-0.09835652,0.26121354
2019-10-30 21:08:14,4321,-0.11558322,-0.025052754,0.20501398
2019-10-30 21:08:14,4331,-0.19621736,0.044585828,0.19157496
2019-10-30 21:08:14,4341,-0.22553886,0.100785375,0.21112263
2019-10-30 21:08:14,4351,-0.21698676,0.14965457,0.2526614
2019-10-30 21:08:14,4361,-0.14123954,0.26205367,0.31374788
2019-10-30 21:08:14,4372,0.024915673,0.27793613,0.31985658
2019-10-30 21:08:14,4381,0.09577598,0.21684968,0.25021797
2019-10-30 21:08:14,4391,0.094554245,0.07757252,0.15370134
2019-10-30 21:08:14,4401,0.022472214,-0.11790419,0.025419753
2019-10-30 21:08:14,4411,-0.08503999,-0.3292634,-0.115079135
2019-10-30 21:08:14,4422,-0.19988255,-0.5100793,-0.255578
2019-10-30 21:08:14,4431,-0.29151222,-0.6102611,-0.38141614
2019-10-30 21:08:14,4441,-0.34160313,-0.59071344,-0.4706024
2019-10-30 21:08:14,4451,-0.3525987,-0.46731883,-0.51336294
2019-10-30 21:08:14,4461,-0.3318293,-0.27184212,-0.49625874
2019-10-30 21:08:14,4471,-0.27807322,-0.038491774,-0.43028533
2019-10-30 21:08:14,4481,-0.17911315,0.25716674,-0.2958951
2019-10-30 21:08:14,4491,-0.08381826,0.47707805,-0.13707027
2019-10-30 21:08:14,4502,-0.025175236,0.55404705,-0.027114611
2019-10-30 21:08:14,4511,0.023693942,0.52228206,0.043745693
2019-10-30 21:08:14,4521,0.08600214,0.40255255,0.066958554
2019-10-30 21:08:14,4531,0.16541456,0.21196276,0.049854342
2019-10-30 21:08:14,4541,0.2533791,-0.021387564,-0.008788671
2019-10-30 21:08:14,4551,0.31446558,-0.26451173,-0.10897049
2019-10-30 21:08:14,4562,0.3242394,-0.4783144,-0.22869998
2019-10-30 21:08:14,4571,0.28758752,-0.6493564,-0.36919886
2019-10-30 21:08:14,4581,0.22161411,-0.7141081,-0.5060326
2019-10-30 21:08:14,4591,0.17030147,-0.7018908,-0.5830015
2019-10-30 21:08:14,4601,0.067676194,-0.6261436,-0.7137266
2019-10-30 21:08:14,4612,-0.011736212,-0.49664032,-0.80779976
2019-10-30 21:08:14,4621,-0.07770961,-0.31093746,-0.8774383
2019-10-30 21:08:14,4631,-0.13757434,-0.13012148,-0.9263075
2019-10-30 21:08:14,4641,-0.18888699,0.037255447,-0.94952035
2019-10-30 21:08:14,4651,-0.21209985,0.21318449,-0.9446334
2019-10-30 21:08:14,4662,-0.20232601,0.42698714,-0.8945425
2019-10-30 21:08:14,4671,-0.18400007,0.4428696,-0.8432299
2019-10-30 21:08:14,4681,-0.13757434,0.31580976,-0.74182636
2019-10-30 21:08:14,4692,-0.081374794,0.14598937,-0.65874875
2019-10-30 21:08:14,4701,-0.008071024,-0.05437426,-0.5683408
2019-10-30 21:08:15,4711,0.08966733,-0.25718135,-0.47671103
2019-10-30 21:08:15,4721,0.19717951,-0.44288424,-0.39485514
2019-10-30 21:08:15,4732,0.2827006,-0.5846048,-0.3252166
2019-10-30 21:08:15,4741,0.32668287,-0.6823431,-0.27023876
2019-10-30 21:08:15,4751,0.3279046,-0.7385427,-0.23480862
2019-10-30 21:08:15,4761,0.2985831,-0.76664245,-0.22747825
2019-10-30 21:08:15,4771,0.25460082,-0.78741187,-0.24580419
2019-10-30 21:08:15,4782,0.1507538,-0.8106247,-0.32032967
2019-10-30 21:08:15,4791,0.050571993,-0.81917685,-0.38996828
2019-10-30 21:08:15,4801,-0.06549232,-0.81795514,-0.45594162
2019-10-30 21:08:15,4811,-0.17789142,-0.78985536,-0.508476
2019-10-30 21:08:15,4821,-0.28662533,-0.73732096,-0.5524583
2019-10-30 21:08:15,4832,-0.38192022,-0.6774562,-0.59399706
2019-10-30 21:08:15,4841,-0.44667187,-0.60659593,-0.62576205
2019-10-30 21:08:15,4851,-0.48454547,-0.54062253,-0.6404228
2019-10-30 21:08:15,4861,-0.48698893,-0.5027489,-0.6196534
2019-10-30 21:08:15,4871,-0.44911534,-0.47220573,-0.5744494
2019-10-30 21:08:15,4881,-0.37581155,-0.45021462,-0.5243585
2019-10-30 21:08:15,4892,-0.26096898,-0.43066692,-0.4742676
2019-10-30 21:08:15,4901,-0.14856991,-0.3793543,-0.43150705
2019-10-30 21:08:15,4911,-0.07404442,-0.31582436,-0.3924117
2019-10-30 21:08:15,4921,-0.008071024,-0.23763368,-0.34109908
2019-10-30 21:08:15,4931,0.050571993,-0.1643299,-0.28367776
2019-10-30 21:08:15,4942,0.0969977,-0.11790419,-0.23114343
2019-10-30 21:08:15,4951,0.14342342,-0.09224787,-0.18227425
2019-10-30 21:08:15,4961,0.19962297,-0.058039445,-0.1260747
2019-10-30 21:08:15,4971,0.2619312,-0.029939672,-0.0515492
2019-10-30 21:08:15,4981,0.35111746,-0.005505082,0.09139314
2019-10-30 21:08:15,4992,0.4109822,0.034811992,0.18668804
2019-10-30 21:08:15,5001,0.44763407,0.1227765,0.25999182
2019-10-30 21:08:15,5011,0.43297333,0.23517562,0.31130445
2019-10-30 21:08:15,5021,0.35966957,0.31947494,0.3174131
2019-10-30 21:08:15,5031,0.23016621,0.37323102,0.27587432
2019-10-30 21:08:15,5042,0.045685075,0.3390226,0.18180111
2019-10-30 21:08:15,5051,-0.19010872,0.17042397,0.036415316
2019-10-30 21:08:15,5061,-0.4014679,-0.08003058,-0.14928757
2019-10-30 21:08:15,5071,-0.51875395,-0.28772458,-0.40951592
2019-10-30 21:08:15,5081,-0.5053149,-0.2840594,-0.4706024
2019-10-30 21:08:15,5091,-0.34649006,-0.093469605,-0.5451279
2019-10-30 21:08:15,5101,-0.19255218,0.19485855,-0.48526317
2019-10-30 21:08:15,5111,-0.064270586,0.5687078,-0.34720773
2019-10-30 21:08:15,5121,0.00658973,0.9486657,-0.15783967
2019-10-30 21:08:15,5131,0.015141835,1.2614282,0.049854342
2019-10-30 21:08:15,5141,-7.40647E-4,1.4361356,0.23433548
2019-10-30 21:08:15,5151,-0.014179671,1.4471312,0.36139536
2019-10-30 21:08:15,5162,-0.0019623765,1.3017453,0.42736876
2019-10-30 21:08:15,5171,0.046906803,1.0158607,0.42614704
2019-10-30 21:08:15,5181,0.13364959,0.65300715,0.35650843
2019-10-30 21:08:15,5191,0.31324384,0.11178094,0.1976836
2019-10-30 21:08:15,5201,0.42930815,-0.15333433,0.10849735
2019-10-30 21:08:15,5212,0.52704644,-0.31826782,0.042523965
2019-10-30 21:08:15,5221,0.57591563,-0.35980663,-0.0026800241
2019-10-30 21:08:15,5231,0.5551462,-0.2926115,-0.019784236
2019-10-30 21:08:15,5241,0.4684035,-0.1557778,-0.0026800241
2019-10-30 21:08:15,5252,0.348674,0.021372965,0.036415316
2019-10-30 21:08:15,5261,0.24360524,0.19608028,0.074288934
2019-10-30 21:08:15,5271,0.16663629,0.35001817,0.10361044
2019-10-30 21:08:15,5281,0.16663629,0.3634572,0.10361044
2019-10-30 21:08:15,5292,0.2252793,0.34513125,0.08650622
2019-10-30 21:08:15,5301,0.2863658,0.3048142,0.059628174
2019-10-30 21:08:15,5311,0.36211303,0.2217366,0.008315541
2019-10-30 21:08:15,5321,0.42075604,0.0519162,-0.06987515
2019-10-30 21:08:15,5332,0.41342565,-0.038491774,-0.115079135
2019-10-30 21:08:15,5341,0.36822167,-0.069035016,-0.1468441
2019-10-30 21:08:15,5351,0.28147888,-0.0311614,-0.16394831
2019-10-30 21:08:15,5361,0.15441899,0.040920638,-0.16883524
2019-10-30 21:08:15,5371,-0.045944635,0.13255034,-0.16394831
2019-10-30 21:08:15,5382,-0.25363863,0.17775434,-0.15661794
2019-10-30 21:08:15,5391,-0.3318293,0.1679805,-0.16150485
2019-10-30 21:08:15,5401,-0.5126453,0.09223327,-0.23358689
2019-10-30 21:08:15,5411,-0.5578493,0.05802485,-0.30444717
2019-10-30 21:08:15,5422,-0.55296236,0.044585828,-0.36797714
2019-10-30 21:08:15,5431,-0.5089801,0.010377401,-0.40707248
2019-10-30 21:08:15,5441,-0.4356763,-0.027496213,-0.41806805
2019-10-30 21:08:15,5451,-0.364816,-0.09102615,-0.41440284
2019-10-30 21:08:15,5461,-0.2988426,-0.15944299,-0.41440284
2019-10-30 21:08:15,5472,-0.25119516,-0.22052945,-0.41440284
2019-10-30 21:08:15,5481,-0.22065195,-0.26939866,-0.41562456
2019-10-30 21:08:15,5491,-0.21576503,-0.30605054,-0.44005913
2019-10-30 21:08:15,5501,-0.24019963,-0.25718135,-0.4547199
2019-10-30 21:08:15,5511,-0.29151222,-0.15211262,-0.4571634
2019-10-30 21:08:15,5521,-0.35992908,-0.0311614,-0.43028533
2019-10-30 21:08:15,5531,-0.42956766,0.07879425,-0.37408578
2019-10-30 21:08:15,5541,-0.46621954,0.14843284,-0.28367776
2019-10-30 21:08:15,5552,-0.45766744,0.17164569,-0.17494388
2019-10-30 21:08:15,5561,-0.4185721,0.13377208,-0.078427255
2019-10-30 21:08:15,5571,-0.34649006,0.03603372,-0.017340777
2019-10-30 21:08:15,5581,-0.20110428,-0.09224787,0.003428623
2019-10-30 21:08:15,5591,-0.027618691,-0.19609487,-0.019784236
2019-10-30 21:08:15,5602,0.076228306,-0.26451173,-0.049105745
2019-10-30 21:08:15,5611,0.1177671,-0.3414807,-0.06743169
2019-10-30 21:08:15,5621,0.10310635,-0.43433213,-0.06620996
2019-10-30 21:08:15,5631,0.061567556,-0.5479529,-0.038110178
2019-10-30 21:08:15,5641,0.03468951,-0.68967354,0.015645918
2019-10-30 21:08:15,5651,0.06645447,-0.8570505,0.09628005
2019-10-30 21:08:15,5661,0.14220169,-1.0928444,0.19401841
2019-10-30 21:08:15,5672,0.26926157,-1.1466005,0.28320467
2019-10-30 21:08:15,5681,0.3987649,-0.99388415,0.34551287
2019-10-30 21:08:15,5691,0.4317516,-0.8741547,0.3833865
2019-10-30 21:08:16,5702,0.2778137,-0.6273653,0.44325125
2019-10-30 21:08:16,5711,0.075006574,-0.3378155,0.44080776
2019-10-30 21:08:16,5721,-0.20110428,-0.08247404,0.37972128
2019-10-30 21:08:16,5731,-0.5053149,0.070242144,0.2587701
2019-10-30 21:08:16,5741,-0.8034169,0.12888516,0.10116698
2019-10-30 21:08:16,5751,-1.0550932,0.100785375,-0.06620996
2019-10-30 21:08:16,5762,-1.1919268,-0.036048315,-0.23603036
2019-10-30 21:08:16,5771,-1.1613836,-0.22541638,-0.39729863
2019-10-30 21:08:16,5781,-0.9903415,-0.34392413,-0.5072543
2019-10-30 21:08:16,5791,-0.56762314,-0.36591527,-0.521915
2019-10-30 21:08:16,5801,-0.3354945,-0.2828377,-0.46082854
2019-10-30 21:08:16,5811,0.017585296,-0.043378692,-0.28734297
2019-10-30 21:08:16,5822,0.25093564,0.108115755,-0.1260747
2019-10-30 21:08:16,5831,0.41586912,0.17042397,-0.010010401
2019-10-30 21:08:16,5841,0.47939906,0.1349938,0.025419753
2019-10-30 21:08:16,5851,0.4317516,-0.042156965,-0.017340777
2019-10-30 21:08:16,5862,0.31202212,-0.3549197,-0.13096163
2019-10-30 21:08:16,5871,0.16052763,-0.71655154,-0.31910795
2019-10-30 21:08:16,5881,0.0261374,-1.0280927,-0.5451279
2019-10-30 21:08:16,5891,-0.06549232,-1.3261946,-0.87010795
2019-10-30 21:08:16,5901,-0.047166362,-1.383616,-1.0130503
2019-10-30 21:08:16,5911,0.011476647,-1.2699951,-1.0472587
2019-10-30 21:08:16,5921,0.08233695,-1.0476403,-0.9763984
2019-10-30 21:08:16,5931,0.16907974,-0.7629773,-0.83589953
2019-10-30 21:08:16,5941,0.27292678,-0.46976227,-0.69295716
2019-10-30 21:08:16,5951,0.38899106,-0.25718135,-0.6074361
2019-10-30 21:08:16,5962,0.524603,-0.07025675,-0.5487931
2019-10-30 21:08:16,5971,0.5612549,-0.040935233,-0.52924544
2019-10-30 21:08:16,5981,0.583246,-0.14844742,-0.48526317
2019-10-30 21:08:16,5991,0.59301984,-0.26451173,-0.44616783
2019-10-30 21:08:16,6001,0.60035026,-0.46731883,-0.36675537
2019-10-30 21:08:16,6012,0.615011,-0.5833831,-0.3227731
2019-10-30 21:08:16,6021,0.67976266,-0.61148286,-0.22747825
2019-10-30 21:08:16,6031,0.80804425,-0.54184425,-0.047884014
2019-10-30 21:08:16,6041,0.83370054,-0.75076,-0.0808707
2019-10-30 21:08:16,6051,0.7469578,-1.1343832,-0.28856468
2019-10-30 21:08:16,6062,0.6834278,-1.2431171,-0.44372433
2019-10-30 21:08:16,6071,0.6822061,-1.0513055,-0.43028533
2019-10-30 21:08:16,6081,0.6858713,-0.81795514,-0.35209465
2019-10-30 21:08:16,6091,0.62600654,-0.6517999,-0.3117776
2019-10-30 21:08:16,6101,0.49650326,-0.40012372,-0.3093341
2019-10-30 21:08:16,6112,0.3987649,0.015264318,-0.26168668
2019-10-30 21:08:16,6121,0.24116178,0.14965457,-0.23969555
2019-10-30 21:08:16,6131,0.12509748,0.32069668,-0.23480862
2019-10-30 21:08:16,6141,0.042019885,0.41232637,-0.2922299
2019-10-30 21:08:16,6152,-0.043501176,0.34024435,-0.41195935
2019-10-30 21:08:16,6161,-0.100922465,0.24983637,-0.5390192
2019-10-30 21:08:16,6171,-0.12902224,0.18752818,-0.6318707
2019-10-30 21:08:16,6181,-0.14123954,0.13255034,-0.702731
2019-10-30 21:08:16,6191,-0.13024397,0.10567229,-0.70517445
2019-10-30 21:08:16,6201,-0.114361495,0.102007106,-0.6868485
2019-10-30 21:08:16,6212,-0.09237036,0.11666786,-0.6673008
2019-10-30 21:08:16,6221,-0.06671404,0.15698494,-0.657527
2019-10-30 21:08:16,6231,-0.047166362,0.20829758,-0.65508354
2019-10-30 21:08:16,6241,-0.045944635,0.22662352,-0.6538618
2019-10-30 21:08:16,6251,-0.07037923,0.18752818,-0.65630525
2019-10-30 21:08:16,6261,-0.09725728,0.11544613,-0.6685226
2019-10-30 21:08:16,6271,-0.1229136,0.05802485,-0.6966224
2019-10-30 21:08:16,6282,-0.13635263,0.021372965,-0.7283873
2019-10-30 21:08:16,6291,-0.15467857,-0.012835459,-0.75526536
2019-10-30 21:08:16,6301,-0.17666969,-0.0311614,-0.7650392
2019-10-30 21:08:16,6311,-0.16933931,-0.010392,-0.75526536
2019-10-30 21:08:16,6322,-0.13879608,0.02748161,-0.75526536
2019-10-30 21:08:16,6331,-0.08503999,0.0812377,-0.7650392
2019-10-30 21:08:16,6341,-0.023953505,0.14476764,-0.7858086
2019-10-30 21:08:16,6351,0.037132967,0.20707585,-0.8151301
2019-10-30 21:08:16,6362,0.08966733,0.25472328,-0.8420082
2019-10-30 21:08:16,6371,0.13487132,0.24983637,-0.8554472
2019-10-30 21:08:16,6381,0.18251877,0.21562795,-0.8444516
2019-10-30 21:08:16,6391,0.23627485,0.17897607,-0.8102432
2019-10-30 21:08:16,6401,0.2863658,0.17164569,-0.75160015
2019-10-30 21:08:16,6411,0.2827006,0.17408915,-0.7271656
2019-10-30 21:08:16,6422,0.24482697,0.19363682,-0.72105694
2019-10-30 21:08:16,6431,0.22161411,0.22051486,-0.72594386
2019-10-30 21:08:16,6441,0.15564072,0.39400044,-0.7271656
2019-10-30 21:08:16,6451,0.13242786,0.5186169,-0.7112831
2019-10-30 21:08:16,6461,0.13364959,0.6016945,-0.6990658
2019-10-30 21:08:16,6472,0.16052763,0.6640027,-0.6978441
2019-10-30 21:08:16,6481,0.2338314,0.68721557,-0.6868485
2019-10-30 21:08:16,6491,0.30102655,0.65178543,-0.670966
2019-10-30 21:08:16,6501,0.36699995,0.5980293,-0.64653146
2019-10-30 21:08:16,6511,0.42197776,0.527169,-0.6013275
2019-10-30 21:08:16,6522,0.46351656,0.4587521,-0.53413236
2019-10-30 21:08:16,6531,0.4940598,0.40743947,-0.4547199
2019-10-30 21:08:16,6541,0.51727265,0.39522216,-0.37775093
2019-10-30 21:08:16,6552,0.5221596,0.4135481,-0.31544274
2019-10-30 21:08:16,6561,0.48795116,0.43676096,-0.27146047
2019-10-30 21:08:16,6571,0.39509973,0.3927787,-0.24336073
2019-10-30 21:08:16,6581,0.109215,0.138659,-0.2543563
2019-10-30 21:08:16,6592,-0.16200894,-0.12034766,-0.3129993
2019-10-30 21:08:16,6601,-0.42223728,-0.38424122,-0.40707248
2019-10-30 21:08:16,6611,-0.59938806,-0.5797179,-0.5243585
2019-10-30 21:08:16,6623,-0.6397052,-0.67012584,-0.6501966
2019-10-30 21:08:16,6632,-0.5468537,-0.6481347,-0.7528219
2019-10-30 21:08:16,6641,-0.33915967,-0.4990838,-0.80291283
2019-10-30 21:08:16,6651,-0.07526615,-0.2510727,-0.77114785
2019-10-30 21:08:16,6661,0.1800753,0.0018252947,-0.66241395
2019-10-30 21:08:16,6671,0.3779955,0.19363682,-0.49503702
2019-10-30 21:08:16,6682,0.524603,0.26083192,-0.27023876
2019-10-30 21:08:16,6691,0.5746939,0.21929313,-0.15539621
2019-10-30 21:08:16,6701,0.6345587,6.0356525E-4,-0.025892884
2019-10-30 21:08:17,6711,0.66265845,-0.21075563,-0.036888447
2019-10-30 21:08:17,6721,0.687093,-0.44410595,-0.12240951
2019-10-30 21:08:17,6731,0.7041972,-0.6798997,-0.26413012
2019-10-30 21:08:17,6742,0.7029755,-0.9034762,-0.4583851
2019-10-30 21:08:17,6751,0.6858713,-1.0708532,-0.6782964
2019-10-30 21:08:17,6761,0.64555424,-1.1527091,-0.8896556
2019-10-30 21:08:17,6771,0.57713735,-1.1747003,-1.0729151
2019-10-30 21:08:17,6781,0.48795116,-1.1673698,-1.2158574
2019-10-30 21:08:17,6791,0.35356092,-1.0940661,-1.3502476
2019-10-30 21:08:17,6801,0.27292678,-0.9877755,-1.3905647
2019-10-30 21:08:17,6812,0.21061854,-0.8594939,-1.3978951
2019-10-30 21:08:17,6821,0.16541456,-0.7446513,-1.3868995
2019-10-30 21:08:17,6831,0.14342342,-0.6627955,-1.3587997
2019-10-30 21:08:17,6841,0.14464515,-0.6224784,-1.3197044
2019-10-30 21:08:17,6851,0.17885357,-0.62492186,-1.2781656
2019-10-30 21:08:17,6861,0.24238351,-0.64446956,-1.2476224
2019-10-30 21:08:17,6872,0.32179594,-0.678678,-1.2329615
2019-10-30 21:08:17,6881,0.4231995,-0.72266024,-1.2500658
2019-10-30 21:08:17,6891,0.4940598,-0.7312123,-1.280609
2019-10-30 21:08:17,6901,0.5355986,-0.7251037,-1.3111522
2019-10-30 21:08:17,6911,0.53071165,-0.7116647,-1.3453606
2019-10-30 21:08:17,6922,0.48917288,-0.6676824,-1.375904
2019-10-30 21:08:17,6931,0.39998662,-0.59437865,-1.402782
2019-10-30 21:08:17,6941,0.2912527,-0.5369573,-1.4259949
2019-10-30 21:08:17,6951,0.20328817,-0.51130104,-1.4577597
2019-10-30 21:08:17,6962,0.12387575,-0.51252276,-1.5029638
2019-10-30 21:08:17,6971,0.059124097,-0.55406153,-1.5554981
2019-10-30 21:08:17,6981,0.017585296,-0.60659593,-1.6129194
2019-10-30 21:08:17,6991,-0.003184106,-0.64202607,-1.669119
2019-10-30 21:08:17,7001,-0.003184106,-0.64202607,-1.7082143
2019-10-30 21:08:17,7012,0.004146271,-0.6004873,-1.7216533
2019-10-30 21:08:17,7021,0.02858086,-0.51618797,-1.7033274
2019-10-30 21:08:17,7031,0.06523274,-0.38424122,-1.6569017
2019-10-30 21:08:17,7042,0.111658454,-0.17410374,-1.5457243
2019-10-30 21:08:17,7051,0.12387575,-0.14233877,-1.5090724
2019-10-30 21:08:17,7061,0.17396666,-0.10324344,-1.3991168
2019-10-30 21:08:17,7071,0.22894448,-0.100799985,-1.325813
2019-10-30 21:08:17,7081,0.28514406,-0.13256495,-1.253731
2019-10-30 21:08:17,7092,0.3413436,-0.1557778,-1.176762
2019-10-30 21:08:17,7101,0.38899106,-0.22908157,-1.1034583
2019-10-30 21:08:17,7111,0.43297333,-0.30727226,-1.0533674
2019-10-30 21:08:17,7121,0.45374274,-0.37202394,-1.014272
2019-10-30 21:08:17,7131,0.45007753,-0.4331104,-0.9751767
2019-10-30 21:08:17,7142,0.4146474,-0.470984,-0.93363786
2019-10-30 21:08:17,7151,0.29613963,-0.51252276,-0.8762166
2019-10-30 21:08:17,7161,0.18496223,-0.54184425,-0.8468951
2019-10-30 21:08:17,7171,0.07134138,-0.569944,-0.83712125
2019-10-30 21:08:17,7181,-0.015401401,-0.57483095,-0.85178196
2019-10-30 21:08:17,7191,-0.063048854,-0.4832013,-0.8749949
2019-10-30 21:08:17,7202,-0.049609825,-0.27795076,-0.8725514
2019-10-30 21:08:17,7211,4.810824E-4,-0.036048315,-0.85056025
2019-10-30 21:08:17,7221,0.046906803,0.15698494,-0.8285691
2019-10-30 21:08:17,7231,0.06523274,0.2009672,-0.8236822
2019-10-30 21:08:17,7242,0.038354695,-0.0519308,-0.87010795
2019-10-30 21:08:17,7251,0.011476647,-0.22908157,-0.9079815
2019-10-30 21:08:17,7261,-0.107031114,-0.86438084,-1.0472587
2019-10-30 21:08:17,7271,-0.18400007,-1.2406737,-1.1315581
2019-10-30 21:08:17,7281,-0.21087812,-1.4288199,-1.1889793
2019-10-30 21:08:17,7291,-0.18033488,-1.4056071,-1.2097487
2019-10-30 21:08:17,7302,-0.099700734,-1.2418953,-1.1853142
2019-10-30 21:08:17,7311,0.024915673,-1.0097667,-1.1205624
2019-10-30 21:08:17,7322,0.22161411,-0.68723005,-0.9886157
2019-10-30 21:08:17,7331,0.34623054,-0.5100793,-0.8811035
2019-10-30 21:08:17,7341,0.48795116,-0.34881106,-0.7186135
2019-10-30 21:08:17,7351,0.64677596,-0.3048288,-0.5072543
2019-10-30 21:08:17,7361,0.7176363,-0.36835873,-0.41562456
2019-10-30 21:08:17,7371,0.7481795,-0.4868665,-0.38141614
2019-10-30 21:08:17,7382,0.7298536,-0.6554651,-0.41318113
2019-10-30 21:08:17,7391,0.6528846,-0.8472766,-0.508476
2019-10-30 21:08:17,7401,0.5221596,-1.026871,-0.6514184
2019-10-30 21:08:17,7411,0.33523497,-1.171035,-0.82979083
2019-10-30 21:08:17,7422,0.10188462,-1.261443,-1.0289328
2019-10-30 21:08:17,7431,-0.1559003,-1.279769,-1.2231877
2019-10-30 21:08:17,7441,-0.40635478,-1.216239,-1.384456
2019-10-30 21:08:17,7451,-0.61893576,-1.0879574,-1.5102942
2019-10-30 21:08:17,7461,-0.8205211,-0.841168,-1.5958152
2019-10-30 21:08:17,7471,-0.9121508,-0.5650571,-1.5897065
2019-10-30 21:08:17,7482,-0.88771623,-0.35125452,-1.5225115
2019-10-30 21:08:17,7491,-0.77776057,-0.1679951,-1.4198862
2019-10-30 21:08:17,7501,-0.604275,-0.044600423,-1.3099306
2019-10-30 21:08:17,7511,-0.40024614,0.005490483,-1.2048618
2019-10-30 21:08:17,7522,-0.12657878,-0.045822155,-1.1107886
2019-10-30 21:08:17,7531,0.031024318,-0.10813036,-1.0802454
2019-10-30 21:08:17,7541,0.213062,-0.19976006,-1.0558108
2019-10-30 21:08:17,7551,0.35478264,-0.31093746,-1.0411501
2019-10-30 21:08:17,7561,0.4867294,-0.4538798,-1.0423717
2019-10-30 21:08:17,7571,0.56369835,-0.55406153,-1.0704715
2019-10-30 21:08:17,7582,0.5685853,-0.5931569,-1.1120104
2019-10-30 21:08:17,7591,0.5258247,-0.59560037,-1.1608795
2019-10-30 21:08:17,7601,0.4439689,-0.5650571,-1.2048618
2019-10-30 21:08:17,7611,0.3413436,-0.5100793,-1.2427354
2019-10-30 21:08:17,7621,0.24604869,-0.4416625,-1.26717
2019-10-30 21:08:17,7632,0.17518839,-0.3549197,-1.2818308
2019-10-30 21:08:17,7641,0.13364959,-0.24862924,-1.2916046
2019-10-30 21:08:17,7651,0.12631921,-0.13256495,-1.3038219
2019-10-30 21:08:17,7661,0.18740568,0.009155671,-1.3148174
2019-10-30 21:08:17,7671,0.26926157,0.070242144,-1.3135958
2019-10-30 21:08:17,7682,0.3694434,0.10689402,-1.3038219
2019-10-30 21:08:17,7691,0.4781773,0.11666786,-1.2891611
2019-10-30 21:08:17,7701,0.5856895,0.10567229,-1.2708352
2019-10-30 21:08:18,7711,0.6846496,0.054359663,-1.2512875
2019-10-30 21:08:18,7721,0.7628403,-0.022609295,-1.2366267
2019-10-30 21:08:18,7731,0.82026154,-0.12034766,-1.2207443
2019-10-30 21:08:18,7741,0.8801263,-0.2962767,-1.1840924
2019-10-30 21:08:18,7752,0.8972305,-0.46365362,-1.1572144
2019-10-30 21:08:18,7761,0.8801263,-0.6505782,-1.1120104
2019-10-30 21:08:18,7771,0.8471396,-0.78985536,-1.0497022
2019-10-30 21:08:18,7781,0.81781805,-0.86193734,-0.987394
2019-10-30 21:08:18,7791,0.80682254,-0.8582722,-0.9470769
2019-10-30 21:08:18,7802,0.8019356,-0.8240638,-0.9434117
2019-10-30 21:08:18,7811,0.7689489,-0.78252494,-0.9776201
2019-10-30 21:08:18,7821,0.68953645,-0.7141081,-1.0362631
2019-10-30 21:08:18,7831,0.53193337,-0.58704823,-1.123006
2019-10-30 21:08:18,7841,0.4195343,-0.5137445,-1.1755403
2019-10-30 21:08:18,7852,0.1800753,-0.4624319,-1.2561744
2019-10-30 21:08:18,7861,0.021250483,-0.5332922,-1.2818308
2019-10-30 21:08:18,7871,-0.08503999,-0.6322522,-1.2818308
2019-10-30 21:08:18,7881,-0.09847901,-0.6933387,-1.2512875
2019-10-30 21:08:18,7891,-0.03128388,-0.68845177,-1.1975315
2019-10-30 21:08:18,7902,0.10066289,-0.59071344,-1.1217842
2019-10-30 21:08:18,7911,0.2655964,-0.41356272,-1.0228242
2019-10-30 21:08:18,7921,0.41709083,-0.23763368,-0.91531193
2019-10-30 21:08:18,7931,0.5160509,-0.113017276,-0.8114649
2019-10-30 21:08:18,7941,0.5355986,-0.07758712,-0.72594386
2019-10-30 21:08:18,7952,0.46351656,-0.1472257,-0.6636357
2019-10-30 21:08:18,7961,0.42564294,-0.20709044,-0.65997046
2019-10-30 21:08:18,7971,0.30591348,-0.5015272,-0.70883965
2019-10-30 21:08:18,7981,0.23138794,-0.7470948,-0.79191726
2019-10-30 21:08:18,7991,0.17274493,-0.98044515,-0.90065116
2019-10-30 21:08:18,8001,0.13731477,-1.1551526,-1.0118285
2019-10-30 21:08:18,8012,0.11410192,-1.221126,-1.0924627
2019-10-30 21:08:18,8021,0.087223865,-1.2003566,-1.1388884
2019-10-30 21:08:18,8031,0.038354695,-1.1001748,-1.1413319
2019-10-30 21:08:18,8041,-0.03861426,-0.940128,-1.0887975
2019-10-30 21:08:18,8052,-0.16200894,-0.6970039,-0.9641811
2019-10-30 21:08:18,8061,-0.2902905,-0.45876673,-0.80169106
2019-10-30 21:08:18,8071,-0.3684812,-0.31948957,-0.67340946
2019-10-30 21:08:18,8081,-0.4014679,-0.25595963,-0.5732277
2019-10-30 21:08:18,8092,-0.38192022,-0.26573345,-0.5072543
2019-10-30 21:08:18,8101,-0.32449892,-0.31093746,-0.4706024
2019-10-30 21:08:18,8111,-0.25363863,-0.3879064,-0.44250262
2019-10-30 21:08:18,8121,-0.17911315,-0.47220573,-0.42295492
2019-10-30 21:08:18,8131,-0.11680495,-0.54062253,-0.40951592
2019-10-30 21:08:18,8142,-0.061827116,-0.5858265,-0.38752478
2019-10-30 21:08:18,8151,-0.064270586,-0.59560037,-0.36553365
2019-10-30 21:08:18,8161,-0.09603555,-0.6029307,-0.33621216
2019-10-30 21:08:18,8171,-0.13879608,-0.57849616,-0.30200374
2019-10-30 21:08:18,8181,-0.19743909,-0.5051924,-0.26535183
2019-10-30 21:08:18,8192,-0.27074283,-0.39890197,-0.22503479
2019-10-30 21:08:18,8201,-0.35382044,-0.2828377,-0.19693501
2019-10-30 21:08:18,8211,-0.4356763,-0.18998623,-0.18227425
2019-10-30 21:08:18,8221,-0.49309757,-0.13012148,-0.18105252
2019-10-30 21:08:18,8231,-0.50653666,-0.111795545,-0.19693501
2019-10-30 21:08:18,8242,-0.41735035,-0.1472257,-0.23603036
2019-10-30 21:08:18,8251,-0.30128607,-0.18754277,-0.25679976
2019-10-30 21:08:18,8261,-0.16689585,-0.21930774,-0.2800126
2019-10-30 21:08:18,8271,-0.03983599,-0.23763368,-0.30811238
2019-10-30 21:08:18,8281,0.05668064,-0.2388554,-0.33499044
2019-10-30 21:08:18,8291,0.112880185,-0.2303033,-0.34965116
2019-10-30 21:08:18,8302,0.13731477,-0.23152502,-0.35331637
2019-10-30 21:08:18,8311,0.1507538,-0.22908157,-0.34720773
2019-10-30 21:08:18,8321,0.1800753,-0.21319908,-0.33010352
2019-10-30 21:08:18,8331,0.2252793,-0.1973166,-0.28612125
2019-10-30 21:08:18,8341,0.30347002,-0.1802124,-0.19204809
2019-10-30 21:08:18,8352,0.34989572,-0.17532547,-0.1260747
2019-10-30 21:08:18,8361,0.407317,-0.18754277,0.010759
2019-10-30 21:08:18,8371,0.40976048,-0.1887645,0.059628174
2019-10-30 21:08:18,8381,0.35233918,-0.19853833,0.16714036
2019-10-30 21:08:18,8392,0.290031,-0.20831217,0.19157496
2019-10-30 21:08:18,8401,0.20817508,-0.22785984,0.16225344
2019-10-30 21:08:18,8411,0.09821943,-0.26939866,0.07673238
2019-10-30 21:08:18,8421,-0.061827116,-0.34025896,-0.05277093
2019-10-30 21:08:18,8431,-0.27685148,-0.45265806,-0.21281749
2019-10-30 21:08:18,8441,-0.53219295,-0.6004873,-0.3887465
2019-10-30 21:08:18,8451,-0.78875613,-0.72143847,-0.5561235
2019-10-30 21:08:18,8462,-1.1064059,-0.809403,-0.73449594
2019-10-30 21:08:18,8471,-1.2249136,-0.8252855,-0.8285691
2019-10-30 21:08:18,8481,-1.2640089,-0.8142899,-0.9067598
2019-10-30 21:08:18,8491,-1.22247,-0.7788598,-0.9568507
2019-10-30 21:08:18,8501,-1.0954102,-0.6982256,-0.969068
2019-10-30 21:08:18,8512,-0.8974901,-0.5687223,-0.9348596
2019-10-30 21:08:18,8521,-0.67635703,-0.41111928,-0.85056025
2019-10-30 21:08:18,8531,-0.4772151,-0.2755073,-0.72105694
2019-10-30 21:08:18,8541,-0.25974727,-0.21564254,-0.4901501
2019-10-30 21:08:18,8551,-0.14856991,-0.30360708,-0.33987737
2019-10-30 21:08:18,8562,-0.044722907,-0.43921906,-0.21892613
2019-10-30 21:08:18,8571,0.02858086,-0.59560037,-0.14440064
2019-10-30 21:08:18,8581,0.07745003,-0.7483165,-0.13951373
2019-10-30 21:08:18,8591,0.10432808,-0.8436114,-0.20426539
2019-10-30 21:08:18,8601,0.10799327,-0.8631591,-0.3252166
2019-10-30 21:08:18,8612,0.07867176,-0.81673336,-0.48159796
2019-10-30 21:08:18,8621,0.00658973,-0.72266024,-0.64653146
2019-10-30 21:08:18,8631,-0.081374794,-0.5858265,-0.80413455
2019-10-30 21:08:18,8641,-0.17300451,-0.4037889,-0.9446334
2019-10-30 21:08:18,8651,-0.29517743,-0.09713479,-1.0961279
2019-10-30 21:08:18,8661,-0.3611508,0.070242144,-1.1401101
2019-10-30 21:08:18,8672,-0.40635478,0.19119336,-1.1352233
2019-10-30 21:08:18,8681,-0.42223728,0.24128427,-1.0900192
2019-10-30 21:08:18,8691,-0.41246346,0.21196276,-1.0106068
2019-10-30 21:08:18,8701,-0.36603773,0.11788959,-0.9018729
2019-10-30 21:08:19,8711,-0.28296012,-0.02871794,-0.79069555
2019-10-30 21:08:19,8722,-0.13390917,-0.26206827,-0.6966224
2019-10-30 21:08:19,8731,-0.03494907,-0.40623236,-0.67463124
2019-10-30 21:08:19,8741,0.087223865,-0.5858265,-0.6782964
2019-10-30 21:08:19,8751,0.17274493,-0.7299906,-0.7039527
2019-10-30 21:08:19,8762,0.19717951,-0.8631591,-0.75160015
2019-10-30 21:08:19,8772,0.1629711,-0.8790416,-0.7760348
2019-10-30 21:08:19,8781,0.10066289,-0.85216355,-0.79191726
2019-10-30 21:08:19,8791,0.013920106,-0.8008509,-0.7858086
2019-10-30 21:08:19,8801,-0.09237036,-0.75198174,-0.761374
2019-10-30 21:08:19,8812,-0.19621736,-0.71655154,-0.72594386
2019-10-30 21:08:19,8821,-0.26096898,-0.68967354,-0.684405
2019-10-30 21:08:19,8831,-0.28906876,-0.67256933,-0.6526401
2019-10-30 21:08:19,8841,-0.28662533,-0.6798997,-0.64286625
2019-10-30 21:08:19,8851,-0.24875173,-0.705556,-0.6526401
2019-10-30 21:08:19,8861,-0.13390917,-0.73976445,-0.6807399
2019-10-30 21:08:19,8872,-0.05205328,-0.7556469,-0.6941789
2019-10-30 21:08:19,8881,0.004146271,-0.76664245,-0.6966224
2019-10-30 21:08:19,8891,0.02980259,-0.7470948,-0.69051373
2019-10-30 21:08:19,8901,0.035911236,-0.7116647,-0.6868485
2019-10-30 21:08:19,8912,0.05423718,-0.52474004,-0.6770747
2019-10-30 21:08:19,8921,0.067676194,-0.37568912,-0.6770747
2019-10-30 21:08:19,8931,0.093332514,-0.20220351,-0.6819616
2019-10-30 21:08:19,8942,0.12509748,-0.033604857,-0.67951816
2019-10-30 21:08:19,8951,0.15564072,0.094676726,-0.6611922
2019-10-30 21:08:19,8961,0.20939681,0.21318449,-0.6196534
2019-10-30 21:08:19,8971,0.27903542,0.29992726,-0.59644055
2019-10-30 21:08:19,8981,0.3560044,0.39888737,-0.57933635
2019-10-30 21:08:19,8992,0.39632145,0.48685187,-0.56223214
2019-10-30 21:08:19,9001,0.39387798,0.54060805,-0.540241
2019-10-30 21:08:19,9011,0.35356092,0.55771226,-0.51824987
2019-10-30 21:08:19,9021,0.28025714,0.52472556,-0.5072543
2019-10-30 21:08:19,9031,0.167858,0.41232637,-0.51458466
2019-10-30 21:08:19,9042,-0.1106963,0.061690036,-0.57567114
2019-10-30 21:08:19,9051,-0.3770333,-0.24374232,-0.630649
2019-10-30 21:08:19,9061,-0.6543659,-0.49786207,-0.67585295
2019-10-30 21:08:19,9071,-0.8669468,-0.65424335,-0.7296091
2019-10-30 21:08:19,9082,-0.94269407,-0.67379105,-0.77114785
2019-10-30 21:08:19,9091,-0.929255,-0.6139263,-0.80779976
2019-10-30 21:08:19,9101,-0.6751353,-0.28894633,-0.8407864
2019-10-30 21:08:19,9111,-0.41612864,0.037255447,-0.7735913
2019-10-30 21:08:19,9121,-0.15956548,0.39033526,-0.60865784
2019-10-30 21:08:19,9132,0.075006574,0.7727366,-0.3129993
2019-10-30 21:08:19,9141,0.15564072,0.9254528,-0.1260747
2019-10-30 21:08:19,9151,0.20328817,0.98653924,0.09628005
2019-10-30 21:08:19,9161,0.23138794,0.84481865,0.30763924
2019-10-30 21:08:19,9171,0.26926157,0.5430515,0.42492527
2019-10-30 21:08:19,9181,0.30591348,0.23639736,0.43469912
2019-10-30 21:08:19,9192,0.34256536,-0.07147847,0.38094306
2019-10-30 21:08:19,9201,0.36822167,-0.31582436,0.28686988
2019-10-30 21:08:19,9211,0.3902128,-0.45021462,0.18790977
2019-10-30 21:08:19,9221,0.38899106,-0.4624319,0.11460601
2019-10-30 21:08:19,9231,0.36211303,-0.4037889,0.062071636
2019-10-30 21:08:19,9241,0.27659196,-0.24007712,-0.0014582947
2019-10-30 21:08:19,9251,0.19840124,-0.100799985,-0.024671156
2019-10-30 21:08:19,9262,0.11532365,0.042142365,-0.030779801
2019-10-30 21:08:19,9271,0.057902366,0.14476764,-0.027114611
2019-10-30 21:08:19,9281,-0.003184106,0.2974838,-0.014897319
2019-10-30 21:08:19,9291,-0.020288318,0.38911352,-0.0063452125
2019-10-30 21:08:19,9301,-0.020288318,0.41476983,-0.0026800241
2019-10-30 21:08:19,9311,-0.006849294,0.41599157,0.0046503525
2019-10-30 21:08:19,9322,0.022472214,0.37811795,0.016867647
2019-10-30 21:08:19,9331,0.06401101,0.30359244,0.03275013
2019-10-30 21:08:19,9341,0.12754095,0.20463239,0.046189155
2019-10-30 21:08:19,9351,0.22161411,0.14843284,0.0522978
2019-10-30 21:08:19,9361,0.38043895,0.19485855,0.0645151
2019-10-30 21:08:19,9371,0.44641235,0.2803796,0.08894968
2019-10-30 21:08:19,9381,0.4610731,0.37811795,0.10605389
2019-10-30 21:08:19,9391,0.4280864,0.46852595,0.097501785
2019-10-30 21:08:19,9401,0.3560044,0.527169,0.080397576
2019-10-30 21:08:19,9411,0.25215736,0.53694284,0.058406442
2019-10-30 21:08:19,9421,0.1299844,0.48929533,0.037637047
2019-10-30 21:08:19,9432,0.021250483,0.3720093,0.03275013
2019-10-30 21:08:19,9442,-0.049609825,0.082459435,0.03397186
2019-10-30 21:08:19,9451,-0.010514483,-0.17043856,0.02664148
2019-10-30 21:08:19,9461,0.06523274,-0.3549197,0.015645918
2019-10-30 21:08:19,9471,0.21794891,-0.51618797,0.0022068936
2019-10-30 21:08:19,9482,0.42686468,-0.57605267,-0.023449425
2019-10-30 21:08:19,9491,0.5746939,-0.5357356,-0.05765785
2019-10-30 21:08:19,9501,0.6712105,-0.4294452,-0.09430973
2019-10-30 21:08:19,9511,0.7029755,-0.26573345,-0.11019221
2019-10-30 21:08:19,9521,0.67487574,-0.06536983,-0.10774876
2019-10-30 21:08:19,9532,0.6076806,0.1349938,-0.09186627
2019-10-30 21:08:19,9541,0.53071165,0.3060359,-0.06865342
2019-10-30 21:08:19,9551,0.4231995,0.4416479,-0.038110178
2019-10-30 21:08:19,9561,0.3743303,0.45753038,-0.03444499
2019-10-30 21:08:19,9571,0.33401325,0.4294306,-0.041775364
2019-10-30 21:08:19,9582,0.28758752,0.3720093,-0.049105745
2019-10-30 21:08:19,9591,0.22161411,0.28526652,-0.0515492
2019-10-30 21:08:19,9601,0.15197553,0.18997164,-0.053992663
2019-10-30 21:08:19,9611,0.0884456,0.11911132,-0.047884014
2019-10-30 21:08:19,9622,-0.006849294,0.049472746,-0.038110178
2019-10-30 21:08:19,9631,-0.08381826,-0.014057187,-0.044218827
2019-10-30 21:08:19,9641,-0.21087812,-0.14111705,-0.07476206
2019-10-30 21:08:19,9651,-0.37458983,-0.2913898,-0.13584854
2019-10-30 21:08:19,9662,-0.6885743,-0.5833831,-0.2592432
2019-10-30 21:08:19,9671,-0.94269407,-0.78496844,-0.34476423
2019-10-30 21:08:19,9681,-1.1418359,-0.9046979,-0.404629
2019-10-30 21:08:19,9691,-1.4448248,-1.0061015,-0.4742676
2019-10-30 21:08:19,9701,-1.5975411,-0.9853321,-0.49870217
2019-10-30 21:08:20,9711,-1.6415232,-0.8717112,-0.49625874
2019-10-30 21:08:20,9723,-1.5498936,-0.69089526,-0.48159796
2019-10-30 21:08:20,9731,-1.3470865,-0.470984,-0.44738954
2019-10-30 21:08:20,9741,-1.019663,-0.21686427,-0.36919886
2019-10-30 21:08:20,9751,-0.82296455,-0.10813036,-0.3056689
2019-10-30 21:08:20,9761,-0.500428,-0.010392,-0.17127869
2019-10-30 21:08:20,9771,-0.37458983,-0.03238313,-0.11019221
2019-10-30 21:08:20,9782,-0.2988426,-0.10690863,-0.08697936
2019-10-30 21:08:20,9791,-0.274408,-0.15211262,-0.09186627
2019-10-30 21:08:20,9801,-0.24019963,-0.31948957,-0.17127869
2019-10-30 21:08:20,9811,-0.24508655,-0.45754498,-0.27268225
2019-10-30 21:08:20,9821,-0.23775616,-0.569944,-0.39363343
2019-10-30 21:08:20,9831,-0.22065195,-0.6298088,-0.53046715
2019-10-30 21:08:20,9841,-0.19499564,-0.6456913,-0.6673008
2019-10-30 21:08:20,9851,-0.14734818,-0.60415244,-0.8322343
2019-10-30 21:08:20,9861,-0.12780051,-0.5650571,-0.8762166
2019-10-30 21:08:20,9872,-0.09603555,-0.40867582,-0.95318556
2019-10-30 21:08:20,9881,-0.09725728,-0.29872015,-0.9580724
2019-10-30 21:08:20,9891,-0.108252846,-0.18265584,-0.93730307
2019-10-30 21:08:20,9901,-0.13268743,-0.08247404,-0.9018729
2019-10-30 21:08:20,9911,-0.15101337,-0.038491774,-0.86277753
2019-10-30 21:08:20,9921,-0.13757434,-0.05559599,-0.83712125
2019-10-30 21:08:20,9932,-0.08748344,-0.11790419,-0.8224605
2019-10-30 21:08:20,9941,0.011476647,-0.24985099,-0.8126866
2019-10-30 21:08:20,9951,0.10554981,-0.4282235,-0.80535626
2019-10-30 21:08:20,9962,0.1629711,-0.5601702,-0.80046934
2019-10-30 21:08:20,9971,0.20328817,-0.6517999,-0.80046934
2019-10-30 21:08:20,9981,0.22283584,-0.705556,-0.80413455
2019-10-30 21:08:20,9991,0.22772275,-0.7141081,-0.8151301
2019-10-30 21:08:20,10001,0.21917064,-0.67012584,-0.8236822
2019-10-30 21:08:20,10011,0.20817508,-0.5992655,-0.8310126
2019-10-30 21:08:20,10021,0.20695335,-0.4954186,-0.83467776
2019-10-30 21:08:20,10032,0.19717951,-0.37813258,-0.8322343
2019-10-30 21:08:20,10041,0.1800753,-0.28528112,-0.8322343
2019-10-30 21:08:20,10051,0.15686244,-0.21075563,-0.8420082
2019-10-30 21:08:20,10061,0.15564072,-0.13012148,-0.87132967
2019-10-30 21:08:20,10071,0.17396666,-0.09835652,-0.8884339
2019-10-30 21:08:20,10081,0.19962297,-0.09713479,-0.8945425
2019-10-30 21:08:20,10092,0.2252793,-0.119125925,-0.8982077
2019-10-30 21:08:20,10101,0.24360524,-0.1557778,-0.90065116
2019-10-30 21:08:20,10111,0.25093564,-0.20220351,-0.9079815
2019-10-30 21:08:20,10121,0.24238351,-0.25718135,-0.9116467
2019-10-30 21:08:20,10131,0.23016621,-0.308494,-0.9079815
2019-10-30 21:08:20,10141,0.22650102,-0.34025896,-0.90065116
2019-10-30 21:08:20,10152,0.23749658,-0.3708022,-0.9018729
2019-10-30 21:08:20,10162,0.24116178,-0.3793543,-0.9140902
2019-10-30 21:08:20,10171,0.22161411,-0.353698,-0.93363786
2019-10-30 21:08:20,10181,0.17518839,-0.30238536,-0.9470769
2019-10-30 21:08:20,10191,0.10554981,-0.22052945,-0.94952035
2019-10-30 21:08:20,10201,0.020028755,-0.10324344,-0.94829863
2019-10-30 21:08:20,10211,-0.081374794,-0.0067268116,-0.9348596
2019-10-30 21:08:20,10222,-0.16811758,0.062911764,-0.89576423
2019-10-30 21:08:20,10231,-0.21332158,0.10322884,-0.8236822
2019-10-30 21:08:20,10241,-0.20965639,0.100785375,-0.72472215
2019-10-30 21:08:20,10251,-0.12169187,0.048251014,-0.56467557
2019-10-30 21:08:20,10262,-0.0056275646,0.03236853,-0.46205026
2019-10-30 21:08:20,10271,0.12876268,0.054359663,-0.35698158
2019-10-30 21:08:20,10281,0.2338314,0.08734635,-0.25679976
2019-10-30 21:08:20,10291,0.27903542,0.12033305,-0.17250042
2019-10-30 21:08:20,10301,0.24604869,0.16553704,-0.100418374
2019-10-30 21:08:20,10312,0.11532365,0.18019779,-0.061323036
2019-10-30 21:08:20,10321,-0.1314657,0.093455,-0.06254476
2019-10-30 21:08:20,10331,-0.46621954,-0.15699953,-0.12118778
2019-10-30 21:08:20,10341,-0.79242134,-0.5308487,-0.24946937
2019-10-30 21:08:20,10351,-0.97079384,-0.9205804,-0.5170281
2019-10-30 21:08:20,10362,-0.8864945,-1.0708532,-0.80535626
2019-10-30 21:08:20,10371,-0.82296455,-1.0842923,-0.8933208
2019-10-30 21:08:20,10381,-0.56517965,-0.9205804,-1.0093851
2019-10-30 21:08:20,10391,-0.42468074,-0.68967354,-0.9641811
2019-10-30 21:08:20,10401,-0.22065195,-0.1643299,-0.7760348
2019-10-30 21:08:20,10412,-0.08503999,0.2962621,-0.5744494
2019-10-30 21:08:20,10421,0.0078114592,0.69943285,-0.37775093
2019-10-30 21:08:20,10431,0.05668064,0.95599604,-0.22381306
2019-10-30 21:08:20,10441,0.07745003,1.0231911,-0.13218334
2019-10-30 21:08:20,10451,0.111658454,0.9132355,-0.093088
2019-10-30 21:08:20,10462,0.1629711,0.64078987,-0.116300866
2019-10-30 21:08:20,10471,0.23994005,0.36834413,-0.15539621
2019-10-30 21:08:20,10481,0.34500882,0.1227765,-0.17983079
2019-10-30 21:08:20,10491,0.46596003,-0.038491774,-0.17983079
2019-10-30 21:08:20,10501,0.57958084,-0.12401284,-0.16639178
2019-10-30 21:08:20,10512,0.6699888,-0.14600396,-0.15173101
2019-10-30 21:08:20,10521,0.7310753,-0.10446517,-0.11874433
2019-10-30 21:08:20,10531,0.7628403,-0.037270047,-0.07109687
2019-10-30 21:08:20,10541,0.7701706,0.037255447,-0.016119048
2019-10-30 21:08:20,10551,0.7616185,0.08734635,0.040080506
2019-10-30 21:08:20,10561,0.77139235,0.11544613,0.12071465
2019-10-30 21:08:20,10572,0.7946052,0.09834192,0.17080556
2019-10-30 21:08:20,10581,0.82392675,0.0519162,0.2099009
2019-10-30 21:08:20,10591,0.8483613,-0.016500646,0.2392224
2019-10-30 21:08:20,10601,0.8654655,-0.09713479,0.2526614
2019-10-30 21:08:20,10611,0.8789045,-0.17410374,0.24655278
2019-10-30 21:08:20,10622,0.8801263,-0.23763368,0.22456165
2019-10-30 21:08:20,10631,0.8593569,-0.2828377,0.20379224
2019-10-30 21:08:20,10641,0.8129312,-0.28894633,0.19279668
2019-10-30 21:08:20,10651,0.72863185,-0.20098178,0.19035323
2019-10-30 21:08:20,10661,0.6577715,-0.10813036,0.19401841
2019-10-30 21:08:20,10672,0.57958084,0.0030470241,0.20012707
2019-10-30 21:08:20,10681,0.5001684,0.1227765,0.20745744
2019-10-30 21:08:20,10691,0.42075604,0.23273216,0.218453
2019-10-30 21:08:20,10701,0.348674,0.29870555,0.23433548
2019-10-30 21:08:21,10711,0.2827006,0.3060359,0.26243526
2019-10-30 21:08:21,10721,0.23871832,0.28648823,0.2880916
2019-10-30 21:08:21,10731,0.21428373,0.24983637,0.31008273
2019-10-30 21:08:21,10742,0.19595778,0.14354591,0.33573902
2019-10-30 21:08:21,10751,0.18984914,0.10445056,0.34306943
2019-10-30 21:08:21,10761,0.1800753,0.050694473,0.34673458
2019-10-30 21:08:21,10771,0.21917064,0.10689402,0.3516215
2019-10-30 21:08:21,10781,0.30591348,0.27915788,0.3711692
2019-10-30 21:08:21,10791,0.42564294,0.52106035,0.41026455
2019-10-30 21:08:21,10802,0.56247663,0.7605193,0.4627989
2019-10-30 21:08:21,10811,0.69197994,0.9657699,0.529994
2019-10-30 21:08:21,10821,0.78849655,1.0854993,0.5898588
2019-10-30 21:08:21,10831,0.8556917,1.1123773,0.620402
2019-10-30 21:08:21,10841,0.894787,1.0512909,0.60207605
2019-10-30 21:08:21,10852,0.91799986,0.94744396,0.53976786
2019-10-30 21:08:21,10861,0.9106695,0.79594946,0.44202948
2019-10-30 21:08:21,10871,0.8556917,0.6139118,0.33329558
2019-10-30 21:08:21,10881,0.6907582,0.34146607,0.18790977
2019-10-30 21:08:21,10891,0.55148107,0.21562795,0.11460601
2019-10-30 21:08:21,10901,0.3987649,0.14354591,0.05351953
2019-10-30 21:08:21,10912,0.22039238,0.07879425,-0.0063452125
2019-10-30 21:08:21,10921,0.016363565,-0.014057187,-0.077205524
2019-10-30 21:08:21,10931,-0.20110428,-0.13012148,-0.16639178
2019-10-30 21:08:21,10941,-0.42956766,-0.24374232,-0.2922299
2019-10-30 21:08:21,10952,-0.7582129,-0.41111928,-0.5451279
2019-10-30 21:08:21,10961,-0.8999335,-0.47709265,-0.7002875
2019-10-30 21:08:21,10971,-1.056315,-0.52474004,-0.9763984
2019-10-30 21:08:21,10981,-1.0893016,-0.47709265,-1.190201
2019-10-30 21:08:21,10991,-1.0404325,-0.33903724,-1.3612431
2019-10-30 21:08:21,11001,-0.9329202,-0.14600396,-1.4687554
2019-10-30 21:08:21,11012,-0.8009734,0.075129054,-1.5005203
2019-10-30 21:08:21,11021,-0.6665832,0.30359244,-1.4589815
2019-10-30 21:08:21,11031,-0.5444102,0.50151265,-1.3587997
2019-10-30 21:08:21,11041,-0.43201113,0.6285725,-1.2256312
2019-10-30 21:08:21,11051,-0.33915967,0.66766787,-1.077802
2019-10-30 21:08:21,11062,-0.22431713,0.55526876,-0.8811035
2019-10-30 21:08:21,11071,-0.14734818,0.36712238,-0.78458685
2019-10-30 21:08:21,11081,-0.08015306,0.10567229,-0.7296091
2019-10-30 21:08:21,11091,-0.03861426,-0.17532547,-0.71250486
2019-10-30 21:08:21,11101,-0.045944635,-0.4453277,-0.72227865
2019-10-30 21:08:21,11112,-0.10336593,-0.6591303,-0.7430481
2019-10-30 21:08:21,11121,-0.18155661,-0.7764163,-0.75160015
2019-10-30 21:08:21,11131,-0.26219073,-0.78619015,-0.74060464
2019-10-30 21:08:21,11141,-0.33793795,-0.7141081,-0.7173917
2019-10-30 21:08:21,11151,-0.40024614,-0.5650571,-0.670966
2019-10-30 21:08:21,11162,-0.43323284,-0.29872015,-0.5561235
2019-10-30 21:08:21,11171,-0.4026896,-0.13256495,-0.44861126
2019-10-30 21:08:21,11181,-0.3354945,-0.0091702705,-0.3227731
2019-10-30 21:08:21,11191,-0.2573038,0.040920638,-0.19326982
2019-10-30 21:08:21,11201,-0.19743909,0.010377401,-0.077205524
2019-10-30 21:08:21,11211,-0.15712202,-0.081252314,0.03519359
2019-10-30 21:08:21,11222,-0.1229136,-0.19976006,0.13659713
2019-10-30 21:08:21,11231,-0.08015306,-0.34392413,0.2099009
2019-10-30 21:08:21,11241,-0.01784486,-0.48564476,0.24655278
2019-10-30 21:08:21,11251,0.043241613,-0.5833831,0.24655278
2019-10-30 21:08:21,11261,0.08966733,-0.6310305,0.21234435
2019-10-30 21:08:21,11272,0.0884456,-0.5809396,0.18790977
2019-10-30 21:08:21,11281,0.06401101,-0.46121016,0.17447074
2019-10-30 21:08:21,11291,0.013920106,-0.3011636,0.17202729
2019-10-30 21:08:21,11301,-0.05327501,-0.14844742,0.17935766
2019-10-30 21:08:21,11311,-0.119248405,-0.020165836,0.19035323
2019-10-30 21:08:21,11322,-0.16933931,0.083681166,0.1976836
2019-10-30 21:08:21,11331,-0.19866082,0.14965457,0.19401841
2019-10-30 21:08:21,11341,-0.21698676,0.16065012,0.17569247
2019-10-30 21:08:21,11351,-0.23042579,0.12399823,0.14881442
2019-10-30 21:08:21,11362,-0.24753001,0.012820859,0.12315811
2019-10-30 21:08:21,11371,-0.25119516,-0.09102615,0.12560156
2019-10-30 21:08:21,11381,-0.24508655,-0.19242968,0.16225344
2019-10-30 21:08:21,11391,-0.22798233,-0.2828377,0.22700511
2019-10-30 21:08:21,11402,-0.20232601,-0.3585849,0.29786545
2019-10-30 21:08:21,11411,-0.15101337,-0.39768025,0.34062594
2019-10-30 21:08:21,11421,-0.07404442,-0.38057604,0.35895193
2019-10-30 21:08:21,11431,0.022472214,-0.32315475,0.36139536
2019-10-30 21:08:21,11441,0.14220169,-0.25351617,0.3503998
2019-10-30 21:08:21,11452,0.26070946,-0.16310817,0.33085215
2019-10-30 21:08:21,11461,0.35966957,-0.045822155,0.31374788
2019-10-30 21:08:21,11471,0.42442122,0.08612462,0.31619138
2019-10-30 21:08:21,11481,0.44519064,0.19485855,0.3369608
2019-10-30 21:08:21,11491,0.39509973,0.28648823,0.39316034
2019-10-30 21:08:21,11501,0.34623054,0.29137516,0.45424682
2019-10-30 21:08:21,11512,0.32179594,0.2681623,0.5336592
2019-10-30 21:08:21,11521,0.3413436,0.22662352,0.6228455
2019-10-30 21:08:21,11531,0.41342565,0.19730201,0.71080995
2019-10-30 21:08:21,11541,0.5038336,0.19241509,0.79755276
2019-10-30 21:08:21,11551,0.56003314,0.14598937,0.9197257
2019-10-30 21:08:21,11562,0.5026119,0.07879425,0.97470355
2019-10-30 21:08:21,11571,0.3657782,-0.025052754,0.97592527
2019-10-30 21:08:21,11581,0.16663629,-0.17776893,0.9160605
2019-10-30 21:08:21,11591,-0.064270586,-0.36469355,0.8171004
2019-10-30 21:08:21,11601,-0.2695211,-0.51618797,0.6998144
2019-10-30 21:08:21,11612,-0.39658096,-0.569944,0.5910805
2019-10-30 21:08:21,11621,-0.4478936,-0.5039707,0.50311595
2019-10-30 21:08:21,11631,-0.45278051,-0.33903724,0.4371426
2019-10-30 21:08:21,11641,-0.4344546,-0.09713479,0.3968255
2019-10-30 21:08:21,11652,-0.41612864,0.32069668,0.39316034
2019-10-30 21:08:21,11661,-0.4185721,0.60291624,0.40537763
2019-10-30 21:08:21,11671,-0.45522398,0.9547743,0.4371426
2019-10-30 21:08:21,11681,-0.57251,1.3054105,0.49945074
2019-10-30 21:08:21,11691,-0.67880046,1.4202532,0.5312157
2019-10-30 21:08:21,11701,-0.7814258,1.4263618,0.55565035
2019-10-30 21:08:22,11712,-0.86328167,1.3164061,0.57031107
2019-10-30 21:08:22,11721,-0.902377,1.1062686,0.55565035
2019-10-30 21:08:22,11731,-0.88527274,0.81549716,0.51533324
2019-10-30 21:08:22,11741,-0.80830383,0.49784744,0.4640206
2019-10-30 21:08:22,11752,-0.5737318,0.12033305,0.42126012
2019-10-30 21:08:22,11761,-0.48210204,0.034811992,0.42248183
2019-10-30 21:08:22,11771,-0.20476946,-0.12767802,0.45546854
2019-10-30 21:08:22,11781,-0.041057717,-0.13256495,0.4970073
2019-10-30 21:08:22,11791,0.09088905,-0.081252314,0.5458765
2019-10-30 21:08:22,11802,0.19107087,-0.012835459,0.5935239
2019-10-30 21:08:22,11811,0.23749658,0.025038155,0.620402
2019-10-30 21:08:22,11821,0.28514406,0.054359663,0.6387279
2019-10-30 21:08:22,11831,0.29736137,0.043364096,0.63384104
2019-10-30 21:08:22,11841,0.29613963,0.014042589,0.61918026
2019-10-30 21:08:22,11851,0.3071352,-0.0018398936,0.6045195
2019-10-30 21:08:22,11861,0.35233918,-0.003061623,0.58619356
2019-10-30 21:08:22,11871,0.40120837,0.007933942,0.5739763
2019-10-30 21:08:22,11881,0.47939906,0.034811992,0.5507634
2019-10-30 21:08:22,11891,0.5575897,0.094676726,0.5104463
2019-10-30 21:08:22,11901,0.5783591,0.14598937,0.47745967
2019-10-30 21:08:22,11911,0.54659414,0.18630645,0.4627989
2019-10-30 21:08:22,11922,0.47939906,0.20218892,0.44569468
2019-10-30 21:08:22,11931,0.40365183,0.18874991,0.42370355
2019-10-30 21:08:22,11941,0.33890015,0.15454148,0.3968255
2019-10-30 21:08:22,11951,0.27537024,0.076350786,0.354065
2019-10-30 21:08:22,11961,0.22161411,-0.016500646,0.3015306
2019-10-30 21:08:22,11971,0.1886274,-0.067813285,0.2722091
2019-10-30 21:08:22,11981,0.12631921,-0.17776893,0.22944857
2019-10-30 21:08:22,11991,0.067676194,-0.2962767,0.19157496
2019-10-30 21:08:22,12001,0.0053680004,-0.43066692,0.14637096
2019-10-30 21:08:22,12011,-0.07037923,-0.57727444,0.10483217
2019-10-30 21:08:22,12021,-0.14001781,-0.7116647,0.0730672
2019-10-30 21:08:22,12031,-0.19010872,-0.7800815,0.05718472
2019-10-30 21:08:22,12041,-0.20965639,-0.7556469,0.058406442
2019-10-30 21:08:22,12051,-0.18400007,-0.6359174,0.07795411
2019-10-30 21:08:22,12062,-0.12047014,-0.4282235,0.117049456
2019-10-30 21:08:22,12071,0.022472214,-0.029939672,0.17569247
2019-10-30 21:08:22,12081,0.10554981,0.17531088,0.19890533
2019-10-30 21:08:22,12091,0.1507538,0.27060577,0.20745744
2019-10-30 21:08:22,12101,0.15197553,0.29992726,0.20257051
2019-10-30 21:08:22,12112,0.1385365,0.27549267,0.19401841
2019-10-30 21:08:22,12121,0.14220169,0.18264125,0.1854663
2019-10-30 21:08:22,12131,0.18618396,0.0812377,0.19401841
2019-10-30 21:08:22,12141,0.27537024,0.0030470241,0.22944857
2019-10-30 21:08:22,12151,0.4146474,-0.08003058,0.29542196
2019-10-30 21:08:22,12161,0.5209378,-0.14966916,0.37849957
2019-10-30 21:08:22,12172,0.5453724,-0.16310817,0.45424682
2019-10-30 21:08:22,12181,0.49772498,-0.14966916,0.53610265
2019-10-30 21:08:22,12191,0.38043895,-0.1557778,0.5935239
2019-10-30 21:08:22,12201,0.21061854,-0.19365141,0.60207605
2019-10-30 21:08:22,12211,-0.010514483,-0.30727226,0.53732437
2019-10-30 21:08:22,12222,-0.2646342,-0.5137445,0.40171242
2019-10-30 21:08:22,12231,-0.49676278,-0.764199,0.20012707
2019-10-30 21:08:22,12241,-0.6372617,-0.9706713,-0.06865342
2019-10-30 21:08:22,12251,-0.6421486,-1.0842923,-0.4082942
2019-10-30 21:08:22,12261,-0.53219295,-1.0818487,-0.7858086
2019-10-30 21:08:22,12271,-0.3770333,-0.94868016,-1.1352233
2019-10-30 21:08:22,12282,-0.28051665,-0.5027489,-1.461425
2019-10-30 21:08:22,12291,-0.37947676,-0.11057382,-1.520068
2019-10-30 21:08:22,12301,-0.56517965,0.3097011,-1.4956334
2019-10-30 21:08:22,12311,-0.7704302,0.7177588,-1.4125558
2019-10-30 21:08:22,12321,-0.9597983,1.0244128,-1.2916046
2019-10-30 21:08:22,12332,-1.1149579,1.1746855,-1.1621013
2019-10-30 21:08:22,12341,-1.2053659,1.1832376,-1.046037
2019-10-30 21:08:22,12351,-1.2175832,1.0586212,-0.9470769
2019-10-30 21:08:22,12361,-1.1577184,0.8032799,-0.8615558
2019-10-30 21:08:22,12371,-1.0098891,0.34390953,-0.7784782
2019-10-30 21:08:22,12382,-0.78875613,-0.10446517,-0.7430481
2019-10-30 21:08:22,12391,-0.55174065,-0.3414807,-0.73449594
2019-10-30 21:08:22,12401,-0.29273397,-0.49297515,-0.7442698
2019-10-30 21:08:22,12411,-0.037392527,-0.55894846,-0.7638175
2019-10-30 21:08:22,12421,0.19107087,-0.52840525,-0.7735913
2019-10-30 21:08:22,12432,0.36089128,-0.412341,-0.7564871
2019-10-30 21:08:22,12441,0.45129928,-0.26084656,-0.71617
2019-10-30 21:08:22,12451,0.48306423,-0.10813036,-0.6489749
2019-10-30 21:08:22,12461,0.49283808,0.029925073,-0.56101036
2019-10-30 21:08:22,12471,0.49161634,0.11911132,-0.43639398
2019-10-30 21:08:22,12481,0.4781773,0.094676726,-0.36431193
2019-10-30 21:08:22,12492,0.4732904,0.0726856,-0.33254695
2019-10-30 21:08:22,12501,0.47084695,-0.016500646,-0.25313455
2019-10-30 21:08:22,12511,0.46473828,-0.10690863,-0.22014786
2019-10-30 21:08:22,12521,0.44641235,-0.2095339,-0.19815674
2019-10-30 21:08:22,12531,0.4060953,-0.31460264,-0.18349598
2019-10-30 21:08:22,12542,0.34623054,-0.40012372,-0.18716118
2019-10-30 21:08:22,12551,0.2655964,-0.4282235,-0.20793058
2019-10-30 21:08:22,12561,0.13120613,-0.41111928,-0.25802147
2019-10-30 21:08:22,12571,-0.028840423,-0.41356272,-0.33010352
2019-10-30 21:08:22,12581,-0.14612645,-0.44410595,-0.38385957
2019-10-30 21:08:22,12592,-0.23653443,-0.5039707,-0.42051148
2019-10-30 21:08:22,12601,-0.3025078,-0.5821613,-0.47304583
2019-10-30 21:08:22,12611,-0.3318293,-0.65790856,-0.5377975
2019-10-30 21:08:22,12621,-0.32938585,-0.7348775,-0.5842233
2019-10-30 21:08:22,12631,-0.30495125,-0.80207264,-0.57567114
2019-10-30 21:08:22,12642,-0.24997343,-0.81551164,-0.50114566
2019-10-30 21:08:22,12651,-0.18155661,-0.7751946,-0.37408578
2019-10-30 21:08:22,12661,-0.11802668,-0.70311254,-0.20182192
2019-10-30 21:08:22,12671,-0.05327501,-0.5821613,0.060849905
2019-10-30 21:08:22,12682,-0.037392527,-0.5235183,0.2062357
2019-10-30 21:08:22,12691,-0.027618691,-0.48930997,0.31252617
2019-10-30 21:08:22,12701,-0.008071024,-0.4624319,0.3699475
2019-10-30 21:08:23,12711,0.02980259,-0.43066692,0.37727785
2019-10-30 21:08:23,12721,0.07867176,-0.3952368,0.3381825
2019-10-30 21:08:23,12732,0.14097996,-0.32071128,0.27709603
2019-10-30 21:08:23,12741,0.19717951,-0.21930774,0.2099009
2019-10-30 21:08:23,12751,0.23016621,-0.11668246,0.1561448
2019-10-30 21:08:23,12761,0.23749658,6.0356525E-4,0.14637096
2019-10-30 21:08:23,12771,0.21917064,0.12766343,0.1805794
2019-10-30 21:08:23,12781,0.16907974,0.30847937,0.3039741
2019-10-30 21:08:23,12792,0.14342342,0.41476983,0.40904284
2019-10-30 21:08:23,12801,0.106771536,0.50639963,0.50678116
2019-10-30 21:08:23,12811,0.020028755,0.5357211,0.5629807
2019-10-30 21:08:23,12821,-0.1314657,0.49051708,0.57275456
2019-10-30 21:08:23,12832,-0.33793795,0.36467892,0.5385461
2019-10-30 21:08:23,12841,-0.5798404,0.15820667,0.44325125
2019-10-30 21:08:23,12851,-0.8034169,-0.043378692,0.29420024
2019-10-30 21:08:23,12861,-0.9646852,-0.11057382,0.05474126
2019-10-30 21:08:23,12872,-0.9488027,0.021372965,-0.05765785
2019-10-30 21:08:23,12881,-0.83884704,0.28282306,-0.093088
2019-10-30 21:08:23,12891,-0.66291803,0.6383464,-0.03933191
2019-10-30 21:08:23,12901,-0.4649978,1.0036434,0.09628005
2019-10-30 21:08:23,12911,-0.28906876,1.3139627,0.26976568
2019-10-30 21:08:23,12922,-0.15101337,1.4960003,0.4310339
2019-10-30 21:08:23,12931,-0.037392527,1.5216566,0.5446548
2019-10-30 21:08:23,12941,0.06401101,1.4275835,0.60329777
2019-10-30 21:08:23,12951,0.1385365,1.2198895,0.60329777
2019-10-30 21:08:23,12961,0.1800753,0.94500047,0.53610265
2019-10-30 21:08:23,12971,0.21061854,0.6114683,0.354065
2019-10-30 21:08:23,12982,0.2008447,0.48074323,0.21234435
2019-10-30 21:08:23,12991,0.15686244,0.42087847,0.07795411
2019-10-30 21:08:23,13001,0.08355868,0.4294306,-0.03566672
2019-10-30 21:08:23,13011,-0.015401401,0.50395614,-0.11996606
2019-10-30 21:08:23,13021,-0.14001781,0.6065814,-0.17616561
2019-10-30 21:08:23,13032,-0.274408,0.67866343,-0.21526095
2019-10-30 21:08:23,13041,-0.38314193,0.69576764,-0.22747825
2019-10-30 21:08:23,13051,-0.45278051,0.6273508,-0.21892613
2019-10-30 21:08:23,13061,-0.468663,0.4844084,-0.18349598
2019-10-30 21:08:23,13072,-0.3868071,0.25105813,-0.08697936
2019-10-30 21:08:23,13081,-0.2695211,0.09956365,-0.019784236
2019-10-30 21:08:23,13091,-0.12657878,-0.016500646,0.025419753
2019-10-30 21:08:23,13101,0.018807024,-0.100799985,0.051076073
2019-10-30 21:08:23,13111,0.13487132,-0.14844742,0.059628174
2019-10-30 21:08:23,13122,0.2008447,-0.17043856,0.05596299
2019-10-30 21:08:23,13131,0.20939681,-0.16310817,0.0522978
2019-10-30 21:08:23,13141,0.1837405,-0.12523456,0.05474126
2019-10-30 21:08:23,13151,0.13609305,-0.060482908,0.049854342
2019-10-30 21:08:23,13161,0.059124097,0.07146387,0.049854342
2019-10-30 21:08:23,13172,0.010254918,0.16920224,0.092614874
2019-10-30 21:08:23,13181,-0.03372734,0.23761909,0.17202729
2019-10-30 21:08:23,13191,-0.060605384,0.27060577,0.26976568
2019-10-30 21:08:23,13201,-0.063048854,0.27304924,0.36261708
2019-10-30 21:08:23,13211,-0.041057717,0.23151043,0.43836433
2019-10-30 21:08:23,13222,0.018807024,0.13377208,0.4823466
2019-10-30 21:08:23,13231,0.08966733,-0.010392,0.49456382
2019-10-30 21:08:23,13241,0.14586689,-0.15822126,0.47379446
2019-10-30 21:08:23,13251,0.15564072,-0.27428555,0.42370355
2019-10-30 21:08:23,13261,0.07011966,-0.33048514,0.31985658
2019-10-30 21:08:23,13272,-0.0019623765,-0.25718135,0.24777453
2019-10-30 21:08:23,13281,-0.05205328,-0.081252314,0.19035323
2019-10-30 21:08:23,13291,-0.081374794,0.17653261,0.15125789
2019-10-30 21:08:23,13301,-0.12169187,0.4758563,0.13904059
2019-10-30 21:08:23,13311,-0.17789142,0.77762353,0.15125789
2019-10-30 21:08:23,13322,-0.24997343,1.0073086,0.17447074
2019-10-30 21:08:23,13331,-0.30495125,1.0671732,0.18790977
2019-10-30 21:08:23,13341,-0.3073947,0.9486657,0.18668804
2019-10-30 21:08:23,13351,-0.23409098,0.74585855,0.17080556
2019-10-30 21:08:23,13361,-0.09847901,0.49906915,0.15003616
2019-10-30 21:08:23,13371,0.18496223,0.07757252,0.14148405
2019-10-30 21:08:23,13382,0.39754316,-0.19976006,0.1561448
2019-10-30 21:08:23,13391,0.6076806,-0.3866847,0.19646187
2019-10-30 21:08:23,13401,0.7897183,-0.45876673,0.2551049
2019-10-30 21:08:23,13411,0.90089566,-0.47342747,0.31496966
2019-10-30 21:08:23,13421,0.91922164,-0.5222966,0.3516215
2019-10-30 21:08:23,13431,0.8446961,-0.6188132,0.33329558
2019-10-30 21:08:23,13442,0.6565498,-0.7287689,0.26243526
2019-10-30 21:08:23,13451,0.35844782,-0.8423897,0.14026232
2019-10-30 21:08:23,13461,4.810824E-4,-0.926689,-0.019784236
2019-10-30 21:08:23,13472,-0.44056323,-0.91080654,-0.24580419
2019-10-30 21:08:23,13481,-0.76309985,-0.76664245,-0.46327204
2019-10-30 21:08:23,13491,-0.9121508,-0.5491746,-0.6074361
2019-10-30 21:08:23,13501,-0.9488027,-0.26939866,-0.70761794
2019-10-30 21:08:23,13512,-0.8693903,0.045807555,-0.75160015
2019-10-30 21:08:23,13521,-0.7044568,0.3378009,-0.72472215
2019-10-30 21:08:23,13531,-0.500428,0.5320559,-0.64653146
2019-10-30 21:08:23,13541,-0.29517743,0.5797034,-0.54757136
2019-10-30 21:08:23,13551,-0.1106963,0.5161734,-0.44494605
2019-10-30 21:08:23,13562,0.10432808,0.26205367,-0.31910795
2019-10-30 21:08:23,13571,0.1922926,0.10567229,-0.27512568
2019-10-30 21:08:23,13581,0.31935248,-0.1472257,-0.2384738
2019-10-30 21:08:23,13591,0.39265627,-0.32804167,-0.24580419
2019-10-30 21:08:23,13601,0.42930815,-0.47709265,-0.2787909
2019-10-30 21:08:23,13611,0.42075604,-0.5858265,-0.3386556
2019-10-30 21:08:23,13622,0.37677377,-0.6298088,-0.42906362
2019-10-30 21:08:23,13631,0.29369617,-0.6175915,-0.5390192
2019-10-30 21:08:23,13641,0.16907974,-0.57116574,-0.657527
2019-10-30 21:08:23,13651,-7.40647E-4,-0.4954186,-0.76992613
2019-10-30 21:08:23,13661,-0.18888699,-0.42333657,-0.86766446
2019-10-30 21:08:23,13672,-0.41612864,-0.308494,-0.95074207
2019-10-30 21:08:23,13681,-0.50164974,-0.22785984,-0.95074207
2019-10-30 21:08:23,13691,-0.5383016,-0.17166029,-0.9214206
2019-10-30 21:08:23,13701,-0.5211974,-0.111795545,-0.8566689
2019-10-30 21:08:24,13712,-0.4649978,-0.06292637,-0.77236956
2019-10-30 21:08:24,13721,-0.36603773,-0.018944105,-0.6856268
2019-10-30 21:08:24,13731,-0.22309542,0.028703341,-0.60865784
2019-10-30 21:08:24,13741,-0.054496743,0.055581387,-0.5414627
2019-10-30 21:08:24,13752,0.10799327,0.047029283,-0.5035891
2019-10-30 21:08:24,13761,0.25215736,0.025038155,-0.4864849
2019-10-30 21:08:24,13771,0.3657782,0.0042687533,-0.47304583
2019-10-30 21:08:24,13781,0.44519064,-0.040935233,-0.4510547
2019-10-30 21:08:24,13791,0.49894673,-0.13867359,-0.40340728
2019-10-30 21:08:24,13801,0.50139016,-0.17043856,-0.38263786
2019-10-30 21:08:24,13812,0.46473828,-0.25595963,-0.32155138
2019-10-30 21:08:24,13821,0.41586912,-0.32071128,-0.28856468
2019-10-30 21:08:24,13831,0.34745225,-0.37324566,-0.27756912
2019-10-30 21:08:24,13841,0.2741485,-0.41478446,-0.3117776
2019-10-30 21:08:24,13851,0.21061854,-0.43433213,-0.38630307
2019-10-30 21:08:24,13862,0.1715232,-0.42455828,-0.47671103
2019-10-30 21:08:24,13871,0.16419283,-0.40134543,-0.54634964
2019-10-30 21:08:24,13881,0.22650102,-0.44777116,-0.59644055
2019-10-30 21:08:24,13891,0.33523497,-0.5222966,-0.585445
2019-10-30 21:08:24,13901,0.4732904,-0.59071344,-0.5524583
2019-10-30 21:08:24,13912,0.59668505,-0.633474,-0.49870217
2019-10-30 21:08:24,13921,0.615011,-0.5894917,-0.41806805
2019-10-30 21:08:24,13931,0.13364959,-0.099578254,-0.33010352
2019-10-30 21:08:24,13941,-0.05816193,0.31580976,-0.4412809
2019-10-30 21:08:24,13951,-0.08626171,0.44775653,-0.684405
2019-10-30 21:08:24,13962,-0.061827116,0.36590067,-0.761374
2019-10-30 21:08:24,13971,0.07989349,0.19730201,-0.68929195
2019-10-30 21:08:24,13981,0.3230177,-0.12156938,-0.6172099
2019-10-30 21:08:24,13991,0.55025935,-0.34881106,-0.56101036
2019-10-30 21:08:24,14001,0.7274101,-0.38057604,-0.5060326
2019-10-30 21:08:24,14011,0.8190398,-0.22419465,-0.4388374
2019-10-30 21:08:24,14022,0.82148325,0.03847718,-0.36309022
2019-10-30 21:08:24,14031,0.74207085,0.29992726,-0.255578
2019-10-30 21:08:24,14041,0.6040154,0.45753038,-0.10408357
2019-10-30 21:08:24,14051,0.43786025,0.46852595,0.036415316
2019-10-30 21:08:24,14061,0.15441899,0.24617119,0.13415368
2019-10-30 21:08:24,14072,-0.07037923,0.006712212,0.12560156
2019-10-30 21:08:24,14081,-0.31350335,-0.2058687,0.09017141
2019-10-30 21:08:24,14091,-0.5615145,-0.367137,0.08284104
2019-10-30 21:08:24,14101,-0.7814258,-0.44044077,0.08406277
2019-10-30 21:08:24,14111,-0.9035987,-0.35614145,0.07184547
2019-10-30 21:08:24,14121,-0.7826475,-0.17410374,0.0852845
2019-10-30 21:08:24,14132,-0.6555876,-0.045822155,0.0730672
2019-10-30 21:08:24,14141,-0.5712883,0.1301069,-0.005123483
2019-10-30 21:08:24,14152,-0.4772151,0.4416479,-0.07354033
2019-10-30 21:08:24,14161,-0.378255,0.67622,-0.10286184
2019-10-30 21:08:24,14171,-0.29639915,0.7226457,-0.08942282
2019-10-30 21:08:24,14181,-0.24630827,0.6737765,-0.0845359
2019-10-30 21:08:24,14191,-0.18888699,0.558934,-0.0845359
2019-10-30 21:08:24,14201,-0.143683,0.4086612,-0.09430973
2019-10-30 21:08:24,14212,-0.114361495,0.28526652,-0.116300866
2019-10-30 21:08:24,14221,-0.1021442,0.20585412,-0.1505093
2019-10-30 21:08:24,14231,-0.07648788,0.16309358,-0.19693501
2019-10-30 21:08:24,14241,-0.014179671,0.16920224,-0.23603036
2019-10-30 21:08:24,14251,0.050571993,0.20463239,-0.2592432
2019-10-30 21:08:24,14262,0.11410192,0.22418006,-0.28856468
2019-10-30 21:08:24,14271,0.17763184,0.22784525,-0.31544274
2019-10-30 21:08:24,14281,0.27903542,0.20829758,-0.37652922
2019-10-30 21:08:24,14291,0.34378707,0.19608028,-0.44861126
2019-10-30 21:08:24,14302,0.3987649,0.22540179,-0.51824987
2019-10-30 21:08:24,14311,0.4280864,0.26938403,-0.57933635
2019-10-30 21:08:24,14322,0.43419507,0.3097011,-0.630649
2019-10-30 21:08:24,14331,0.43419507,0.35368335,-0.6648574
2019-10-30 21:08:24,14341,0.4403037,0.3964439,-0.6673008
2019-10-30 21:08:24,14351,0.44641235,0.4172133,-0.64286625
2019-10-30 21:08:24,14361,0.4366385,0.37078756,-0.58911014
2019-10-30 21:08:24,14372,0.42686468,0.35123992,-0.56467557
2019-10-30 21:08:24,14381,0.4024301,0.32680532,-0.47304583
2019-10-30 21:08:24,14391,0.41342565,0.2974838,-0.38996828
2019-10-30 21:08:24,14401,0.452521,0.26327538,-0.32766002
2019-10-30 21:08:24,14411,0.50139016,0.22295833,-0.27146047
2019-10-30 21:08:24,14422,0.55148107,0.18630645,-0.23603036
2019-10-30 21:08:24,14431,0.5869112,0.14476764,-0.21526095
2019-10-30 21:08:24,14441,0.64188904,0.07390733,-0.21281749
2019-10-30 21:08:24,14451,0.7200797,-0.027496213,-0.21648268
2019-10-30 21:08:24,14461,0.7970487,-0.15089089,-0.18227425
2019-10-30 21:08:24,14472,0.8520265,-0.29872015,-0.116300866
2019-10-30 21:08:24,14482,0.85324824,-0.3414807,-0.09919666
2019-10-30 21:08:24,14491,0.8263702,-0.35736316,-0.0723186
2019-10-30 21:08:24,14501,0.78727484,-0.37568912,-0.030779801
2019-10-30 21:08:24,14511,0.7017538,-0.4208931,0.003428623
2019-10-30 21:08:24,14522,0.57958084,-0.4453277,0.041302234
2019-10-30 21:08:24,14531,0.44152543,-0.4624319,0.043745693
2019-10-30 21:08:24,14541,0.3071352,-0.45510152,0.036415316
2019-10-30 21:08:24,14551,0.19351433,-0.4196714,0.010759
2019-10-30 21:08:24,14561,0.09944116,-0.35736316,-0.03322326
2019-10-30 21:08:24,14571,-0.015401401,-0.27428555,-0.0723186
2019-10-30 21:08:24,14582,-0.114361495,-0.22541638,-0.1297399
2019-10-30 21:08:24,14591,-0.16567412,-0.21564254,-0.17372215
2019-10-30 21:08:24,14601,-0.18766525,-0.23274675,-0.21037403
2019-10-30 21:08:24,14611,-0.16933931,-0.25595963,-0.24580419
2019-10-30 21:08:24,14621,-0.108252846,-0.27428555,-0.27512568
2019-10-30 21:08:24,14632,-0.0361708,-0.28772458,-0.3129993
2019-10-30 21:08:24,14641,0.020028755,-0.3048288,-0.359425
2019-10-30 21:08:24,14651,0.08233695,-0.33903724,-0.41195935
2019-10-30 21:08:24,14662,0.15808417,-0.40134543,-0.46815896
2019-10-30 21:08:24,14671,0.24971388,-0.4624319,-0.5048108
2019-10-30 21:08:24,14681,0.33523497,-0.49786207,-0.5377975
2019-10-30 21:08:24,14691,0.45740792,-0.48075783,-0.54757136
2019-10-30 21:08:24,14701,0.53193337,-0.47220573,-0.5377975
2019-10-30 21:08:25,14711,0.58446777,-0.5051924,-0.53413236
2019-10-30 21:08:25,14722,0.59668505,-0.5675006,-0.5487931
2019-10-30 21:08:25,14731,0.58080256,-0.62858707,-0.57811457
2019-10-30 21:08:25,14741,0.5710287,-0.65790856,-0.6196534
2019-10-30 21:08:25,14752,0.5746939,-0.65668684,-0.657527
2019-10-30 21:08:25,14761,0.59546334,-0.6359174,-0.6831833
2019-10-30 21:08:25,14771,0.65532804,-0.57727444,-0.6868485
2019-10-30 21:08:25,14781,0.74573606,-0.5235183,-0.702731
2019-10-30 21:08:25,14791,0.88379145,-0.5821613,-0.7528219
2019-10-30 21:08:25,14802,0.9106695,-0.76908594,-0.7943607
2019-10-30 21:08:25,14811,0.87401766,-1.058636,-0.8591124
2019-10-30 21:08:25,14821,0.7946052,-1.3958333,-0.9446334
2019-10-30 21:08:25,14831,0.66265845,-1.7098178,-1.0606977
2019-10-30 21:08:25,14841,0.5197161,-1.9065162,-1.1926445
2019-10-30 21:08:25,14852,0.38776934,-1.9810417,-1.2903829
2019-10-30 21:08:25,14861,0.2998048,-1.9333942,-1.3490258
2019-10-30 21:08:25,14871,0.25582257,-1.7122612,-1.3734604
2019-10-30 21:08:25,14882,0.24849215,-1.5949751,-1.3673518
2019-10-30 21:08:25,14891,0.24360524,-1.1197224,-1.3539128
2019-10-30 21:08:25,14901,0.24604869,-0.73243403,-1.3697953
2019-10-30 21:08:25,14911,0.25215736,-0.5491746,-1.3917865
2019-10-30 21:08:25,14921,0.2985831,-0.15211262,-1.4711988
2019-10-30 21:08:25,14932,0.35356092,-0.050709073,-1.5054072
2019-10-30 21:08:25,14941,0.37677377,-0.07147847,-1.5164028
2019-10-30 21:08:25,14951,0.35966957,-0.22052945,-1.5102942
2019-10-30 21:08:25,14961,0.32179594,-0.40623236,-1.4663119
2019-10-30 21:08:25,14972,0.29613963,-0.62003493,-1.3368086
2019-10-30 21:08:25,14981,0.27292678,-0.75686866,-1.2366267
2019-10-30 21:08:25,14991,0.2045099,-0.9914407,-1.0716933
2019-10-30 21:08:25,15001,0.14953206,-1.0757401,-0.99228084
2019-10-30 21:08:25,15011,0.09821943,-1.1148355,-0.9605159
2019-10-30 21:08:25,15022,0.076228306,-1.0830705,-0.9763984
2019-10-30 21:08:25,15031,0.094554245,-0.9865538,-1.0093851
2019-10-30 21:08:25,15041,0.12265402,-0.8741547,-1.0374849
2019-10-30 21:08:25,15051,0.14220169,-0.795964,-1.046037
2019-10-30 21:08:25,15062,0.11043672,-0.7287689,-1.0118285
2019-10-30 21:08:25,15071,0.09088905,-0.7092212,-0.987394
2019-10-30 21:08:25,15081,0.033467777,-0.633474,-0.90431637
2019-10-30 21:08:25,15091,-0.041057717,-0.54184425,-0.82001704
2019-10-30 21:08:25,15102,-0.1106963,-0.4367756,-0.76748264
2019-10-30 21:08:25,15111,-0.19377391,-0.29872015,-0.7625957
2019-10-30 21:08:25,15121,-0.25241688,-0.1350084,-0.7601523
2019-10-30 21:08:25,15132,-0.29762086,-6.181642E-4,-0.747935
2019-10-30 21:08:25,15142,-0.30983818,0.06779868,-0.7137266
2019-10-30 21:08:25,15151,-0.28784704,0.055581387,-0.67951816
2019-10-30 21:08:25,15161,-0.23775616,-0.02871794,-0.6611922
2019-10-30 21:08:25,15171,-0.16933931,-0.15333433,-0.6477532
2019-10-30 21:08:25,15181,-0.06793577,-0.31826782,-0.60865784
2019-10-30 21:08:25,15192,-0.027618691,-0.3549197,-0.6245403
2019-10-30 21:08:25,15201,-0.006849294,-0.2828377,-0.657527
2019-10-30 21:08:25,15211,-0.008071024,-0.218086,-0.670966
2019-10-30 21:08:25,15221,-0.060605384,-0.0067268116,-0.6941789
2019-10-30 21:08:25,15231,-0.081374794,0.07146387,-0.68929195
2019-10-30 21:08:25,15241,-0.15467857,0.24006255,-0.6685226
2019-10-30 21:08:25,15252,-0.18033488,0.29015344,-0.6453097
2019-10-30 21:08:25,15261,-0.19621736,0.2767144,-0.6282055
2019-10-30 21:08:25,15271,-0.21698676,0.18874991,-0.63920105
2019-10-30 21:08:25,15281,-0.2267606,0.0812377,-0.65630525
2019-10-30 21:08:25,15291,-0.19133045,-0.042156965,-0.65997046
2019-10-30 21:08:25,15301,-0.13635263,-0.093469605,-0.6501966
2019-10-30 21:08:25,15312,0.05423718,-0.15455607,-0.598884
2019-10-30 21:08:25,15321,0.21672718,-0.14844742,-0.5585669
2019-10-30 21:08:25,15331,0.3657782,-0.105686896,-0.54390615
2019-10-30 21:08:25,15341,0.47451213,-0.039713506,-0.5353541
2019-10-30 21:08:25,15351,0.5392638,0.06535522,-0.48281968
2019-10-30 21:08:25,15362,0.5392638,0.16065012,-0.46938068
2019-10-30 21:08:25,15371,0.5074988,0.19730201,-0.46571547
2019-10-30 21:08:25,15381,0.45374274,0.22540179,-0.4376157
2019-10-30 21:08:25,15391,0.38776934,0.23151043,-0.44372433
2019-10-30 21:08:25,15401,0.39143452,0.22906698,-0.46815896
2019-10-30 21:08:25,15412,0.42686468,0.21929313,-0.4901501
2019-10-30 21:08:25,15421,0.48917288,0.19241509,-0.5060326
2019-10-30 21:08:25,15431,0.55025935,0.15698494,-0.5231368
2019-10-30 21:08:25,15441,0.6064589,0.13621554,-0.53413236
2019-10-30 21:08:25,15452,0.6382238,0.10689402,-0.5414627
2019-10-30 21:08:25,15461,0.6528846,0.0726856,-0.56223214
2019-10-30 21:08:25,15472,0.65044117,0.03603372,-0.5695625
2019-10-30 21:08:25,15481,0.62845004,0.0018252947,-0.5500148
2019-10-30 21:08:25,15492,0.5575897,-0.09102615,-0.508476
2019-10-30 21:08:25,15501,0.50994223,-0.14233877,-0.49259353
2019-10-30 21:08:25,15511,0.3816607,-0.24862924,-0.46938068
2019-10-30 21:08:25,15521,0.20695335,-0.3414807,-0.4547199
2019-10-30 21:08:25,15531,-0.050831553,-0.4367756,-0.41318113
2019-10-30 21:08:25,15542,-0.34526834,-0.52718353,-0.39119
2019-10-30 21:08:25,15551,-0.5932794,-0.6029307,-0.41562456
2019-10-30 21:08:25,15561,-0.7203393,-0.57605267,-0.47304583
2019-10-30 21:08:25,15572,-0.6592528,-0.31826782,-0.5365758
2019-10-30 21:08:25,15581,-0.58106214,-0.21930774,-0.585445
2019-10-30 21:08:25,15591,-0.2059912,0.12521997,-0.72227865
2019-10-30 21:08:25,15601,0.076228306,0.28282306,-0.7308308
2019-10-30 21:08:25,15611,0.29369617,0.30237073,-0.68807024
2019-10-30 21:08:25,15621,0.44274718,0.21318449,-0.6282055
2019-10-30 21:08:25,15632,0.538042,0.061690036,-0.57689285
2019-10-30 21:08:25,15641,0.5820243,-0.13012148,-0.5365758
2019-10-30 21:08:25,15651,0.5661418,-0.3463676,-0.5072543
2019-10-30 21:08:25,15661,0.49772498,-0.55894846,-0.49992388
2019-10-30 21:08:25,15671,0.31690904,-0.83139414,-0.54390615
2019-10-30 21:08:25,15682,0.19717951,-0.9853321,-0.59277534
2019-10-30 21:08:25,15691,0.10799327,-1.1136137,-0.644088
2019-10-30 21:08:25,15701,0.050571993,-1.216239,-0.69051373
2019-10-30 21:08:26,15711,0.06523274,-1.2870994,-0.73449594
2019-10-30 21:08:26,15722,0.09211078,-1.3384119,-0.77236956
2019-10-30 21:08:26,15731,0.106771536,-1.3555162,-0.8395647
2019-10-30 21:08:26,15741,0.106771536,-1.252891,-0.9079815
2019-10-30 21:08:26,15751,0.09577598,-1.0574142,-0.9397465
2019-10-30 21:08:26,15761,0.076228306,-0.84849834,-0.9434117
2019-10-30 21:08:26,15771,0.059124097,-0.6640172,-0.92997265
2019-10-30 21:08:26,15781,0.027359132,-0.52840525,-0.91531193
2019-10-30 21:08:26,15791,-0.03128388,-0.42333657,-0.8908773
2019-10-30 21:08:26,15801,-0.03128388,-0.40867582,-0.88232523
2019-10-30 21:08:26,15811,-0.016623128,-0.46976227,-0.8982077
2019-10-30 21:08:26,15821,-0.009292753,-0.54306597,-0.90065116
2019-10-30 21:08:26,15831,-0.025175236,-0.59437865,-0.9067598
2019-10-30 21:08:26,15841,-0.09725728,-0.60659593,-0.91775537
2019-10-30 21:08:26,15851,-0.13879608,-0.56139195,-0.9641811
2019-10-30 21:08:26,15861,-0.12657878,-0.54306597,-1.0350415
2019-10-30 21:08:26,15871,-0.07160096,-0.60903937,-1.0949061
2019-10-30 21:08:26,15882,0.067676194,-0.7580904,-1.1559926
2019-10-30 21:08:26,15891,0.23016621,-0.9083631,-1.2121922
2019-10-30 21:08:26,15901,0.3242394,-0.99632764,-1.2317399
2019-10-30 21:08:26,15912,0.45374274,-1.1209441,-1.2525092
2019-10-30 21:08:26,15921,0.50994223,-1.2101303,-1.2561744
2019-10-30 21:08:26,15931,0.51727265,-1.2846559,-1.2415137
2019-10-30 21:08:26,15941,0.5087205,-1.3188643,-1.2158574
2019-10-30 21:08:26,15951,0.49161634,-1.3481858,-1.190201
2019-10-30 21:08:26,15962,0.45374274,-1.3579596,-1.1621013
2019-10-30 21:08:26,15971,0.3902128,-1.3420771,-1.1413319
2019-10-30 21:08:26,15981,0.31080037,-1.293208,-1.1254494
2019-10-30 21:08:26,15991,0.22650102,-1.2174608,-1.1107886
2019-10-30 21:08:26,16001,0.087223865,-1.0305362,-1.1034583
2019-10-30 21:08:26,16011,-0.027618691,-0.87781984,-1.0985713
2019-10-30 21:08:26,16021,-0.15956548,-0.6982256,-1.0875758
2019-10-30 21:08:26,16031,-0.2817384,-0.50885755,-1.0423717
2019-10-30 21:08:26,16041,-0.39658096,-0.36102837,-1.0216024
2019-10-30 21:08:26,16051,-0.4723282,-0.24129885,-1.000833
2019-10-30 21:08:26,16061,-0.50287145,-0.16066472,-0.96540284
2019-10-30 21:08:26,16072,-0.50287145,-0.12401284,-0.9250858
2019-10-30 21:08:26,16081,-0.47599337,-0.11668246,-0.8896556
2019-10-30 21:08:26,16091,-0.40757653,-0.15455607,-0.8481168
2019-10-30 21:08:26,16101,-0.30006433,-0.22663811,-0.8224605
2019-10-30 21:08:26,16111,-0.21943022,-0.308494,-0.82001704
2019-10-30 21:08:26,16122,-0.14123954,-0.39157158,-0.83712125
2019-10-30 21:08:26,16131,-0.064270586,-0.44288424,-0.8737731
2019-10-30 21:08:26,16141,0.0053680004,-0.46487537,-0.9140902
2019-10-30 21:08:26,16151,0.05423718,-0.4538798,-0.94952035
2019-10-30 21:08:26,16161,0.067676194,-0.4037889,-0.9592942
2019-10-30 21:08:26,16172,0.05423718,-0.32193303,-0.94829863
2019-10-30 21:08:26,16181,0.020028755,-0.21442081,-0.92875093
2019-10-30 21:08:26,16191,-0.016623128,-0.11423901,-0.9067598
2019-10-30 21:08:26,16201,-0.043501176,-0.015278919,-0.87866
2019-10-30 21:08:26,16212,-0.044722907,0.009155671,-0.8591124
2019-10-30 21:08:26,16221,-0.022731777,0.016486049,-0.8407864
2019-10-30 21:08:26,16232,0.022472214,0.028703341,-0.8285691
2019-10-30 21:08:26,16241,0.062789276,0.061690036,-0.8187953
2019-10-30 21:08:26,16251,0.093332514,0.1142244,-0.81635183
2019-10-30 21:08:26,16261,0.13731477,0.1508763,-0.8236822
2019-10-30 21:08:26,16272,0.21061854,0.108115755,-0.8615558
2019-10-30 21:08:26,16281,0.22894448,0.062911764,-0.8749949
2019-10-30 21:08:26,16292,0.23627485,-0.17166029,-0.91653365
2019-10-30 21:08:26,16301,0.1922926,-0.37202394,-0.9434117
2019-10-30 21:08:26,16312,0.11410192,-0.5662789,-0.97028977
2019-10-30 21:08:26,16321,0.018807024,-0.7385427,-0.99228084
2019-10-30 21:08:26,16331,-0.09481382,-0.8607156,-1.0081633
2019-10-30 21:08:26,16341,-0.21209985,-0.9046979,-1.0130503
2019-10-30 21:08:26,16351,-0.31716856,-0.8900372,-1.0044981
2019-10-30 21:08:26,16361,-0.40024614,-0.8607156,-0.9861722
2019-10-30 21:08:26,16372,-0.44178495,-0.8106247,-0.9751767
2019-10-30 21:08:26,16381,-0.41612864,-0.73976445,-0.97028977
2019-10-30 21:08:26,16391,-0.24264309,-0.6310305,-0.96173763
2019-10-30 21:08:26,16401,-0.08626171,-0.5662789,-0.97884184
2019-10-30 21:08:26,16412,0.04935026,-0.5320704,-0.99228084
2019-10-30 21:08:26,16421,0.13731477,-0.55894846,-0.99594605
2019-10-30 21:08:26,16431,0.2045099,-0.64080435,-0.97884184
2019-10-30 21:08:26,16441,0.27292678,-0.7458731,-0.9189771
2019-10-30 21:08:26,16452,0.35233918,-0.8582722,-0.8261257
2019-10-30 21:08:26,16461,0.42686468,-0.9535671,-0.7332742
2019-10-30 21:08:26,16471,0.5282682,-1.067188,-0.61354476
2019-10-30 21:08:26,16481,0.5685853,-1.1417135,-0.54757136
2019-10-30 21:08:26,16492,0.5734722,-1.2431171,-0.5023674
2019-10-30 21:08:26,16501,0.5282682,-1.3604031,-0.4840414
2019-10-30 21:08:26,16511,0.45985138,-1.4447024,-0.5023674
2019-10-30 21:08:26,16521,0.38043895,-1.4569198,-0.55368
2019-10-30 21:08:26,16531,0.2998048,-1.4092723,-0.6001057
2019-10-30 21:08:26,16542,0.2252793,-1.3213078,-0.63920105
2019-10-30 21:08:26,16551,0.15686244,-1.2052435,-0.6453097
2019-10-30 21:08:26,16561,0.09211078,-1.0708532,-0.6245403
2019-10-30 21:08:26,16572,-0.008071024,-0.9169152,-0.5683408
2019-10-30 21:08:26,16581,-0.11313976,-0.777638,-0.4547199
2019-10-30 21:08:26,16592,-0.17422624,-0.6933387,-0.38141614
2019-10-30 21:08:26,16601,-0.20476946,-0.6346957,-0.33010352
2019-10-30 21:08:26,16611,-0.21454331,-0.5858265,-0.30078202
2019-10-30 21:08:26,16621,-0.21332158,-0.55894846,-0.29467332
2019-10-30 21:08:26,16632,-0.21820849,-0.5662789,-0.30322546
2019-10-30 21:08:26,16641,-0.22920406,-0.5821613,-0.33254695
2019-10-30 21:08:26,16651,-0.23286925,-0.5797179,-0.36309022
2019-10-30 21:08:26,16661,-0.22553886,-0.5516181,-0.36553365
2019-10-30 21:08:26,16671,-0.19255218,-0.51130104,-0.35453808
2019-10-30 21:08:26,16682,-0.108252846,-0.4917534,-0.30200374
2019-10-30 21:08:26,16691,-0.041057717,-0.5039707,-0.25191283
2019-10-30 21:08:26,16701,0.024915673,-0.5149662,-0.20060019
2019-10-30 21:08:27,16711,0.08478041,-0.52596176,-0.1676135
2019-10-30 21:08:27,16721,0.13364959,-0.5528398,-0.1505093
2019-10-30 21:08:27,16732,0.167858,-0.5821613,-0.15661794
2019-10-30 21:08:27,16741,0.1837405,-0.60903937,-0.19449155
2019-10-30 21:08:27,16751,0.17274493,-0.6310305,-0.2384738
2019-10-30 21:08:27,16761,0.12021056,-0.633474,-0.27756912
2019-10-30 21:08:27,16772,0.03468951,-0.59193516,-0.31910795
2019-10-30 21:08:27,16781,-0.06793577,-0.5149662,-0.36064672
2019-10-30 21:08:27,16791,-0.18644352,-0.42333657,-0.39974207
2019-10-30 21:08:27,16801,-0.34771177,-0.2913898,-0.41684628
2019-10-30 21:08:27,16811,-0.42468074,-0.21319908,-0.39974207
2019-10-30 21:08:27,16821,-0.4979845,-0.16555163,-0.372864
2019-10-30 21:08:27,16832,-0.5260843,-0.12645629,-0.34720773
2019-10-30 21:08:27,16841,-0.50653666,-0.10324344,-0.3227731
2019-10-30 21:08:27,16851,-0.46744126,-0.105686896,-0.3093341
2019-10-30 21:08:27,16861,-0.40635478,-0.10202171,-0.3117776
2019-10-30 21:08:27,16871,-0.31716856,-0.086139224,-0.32399487
2019-10-30 21:08:27,16882,-0.21087812,-0.09224787,-0.33376867
2019-10-30 21:08:27,16891,-0.056940198,-0.15089089,-0.33254695
2019-10-30 21:08:27,16901,0.039576426,-0.18143411,-0.32032967
2019-10-30 21:08:27,16911,0.1177671,-0.2058687,-0.30689067
2019-10-30 21:08:27,16921,0.24238351,-0.24740753,-0.29100817
2019-10-30 21:08:27,16932,0.33645672,-0.25595963,-0.2958951
2019-10-30 21:08:27,16941,0.40487355,-0.23396848,-0.31666446
2019-10-30 21:08:27,16951,0.43908197,-0.20220351,-0.33132523
2019-10-30 21:08:27,16961,0.45496446,-0.18632104,-0.33132523
2019-10-30 21:08:27,16971,0.43908197,-0.1887645,-0.3093341
2019-10-30 21:08:27,16982,0.42075604,-0.18387757,-0.24946937
2019-10-30 21:08:27,16991,0.39998662,-0.16921683,-0.20793058
2019-10-30 21:08:27,17001,0.33890015,-0.09591306,-0.1676135
2019-10-30 21:08:27,17011,0.27170503,0.022594692,-0.17127869
2019-10-30 21:08:27,17021,0.22039238,0.15820667,-0.18349598
2019-10-30 21:08:27,17031,0.2045099,0.26205367,-0.20548712
2019-10-30 21:08:27,17042,0.21550545,0.3048142,-0.22625652
2019-10-30 21:08:27,17051,0.24238351,0.22418006,-0.26535183
2019-10-30 21:08:27,17061,0.25826603,0.049472746,-0.31422102
2019-10-30 21:08:27,17071,0.23749658,-0.16555163,-0.36919886
2019-10-30 21:08:27,17081,0.16663629,-0.3793543,-0.42662013
2019-10-30 21:08:27,17092,-0.045944635,-0.61148286,-0.508476
2019-10-30 21:08:27,17101,-0.2389779,-0.69944733,-0.55123657
2019-10-30 21:08:27,17111,-0.43201113,-0.7299906,-0.59399706
2019-10-30 21:08:27,17121,-0.590836,-0.67134756,-0.6477532
2019-10-30 21:08:27,17131,-0.6910178,-0.51618797,-0.7149483
2019-10-30 21:08:27,17141,-0.71789587,-0.2840594,-0.7772565
2019-10-30 21:08:27,17152,-0.66291803,-0.011613729,-0.82001704
2019-10-30 21:08:27,17162,-0.53952336,0.27304924,-0.8236822
2019-10-30 21:08:27,17171,-0.32449892,0.55038184,-0.7149483
2019-10-30 21:08:27,17181,-0.05571847,0.7409717,-0.5842233
2019-10-30 21:08:27,17191,0.11043672,0.77762353,-0.52924544
2019-10-30 21:08:27,17201,0.25826603,0.7104284,-0.46938068
2019-10-30 21:08:27,17211,0.31690904,0.55038184,-0.42051148
2019-10-30 21:08:27,17222,0.33645672,0.30847937,-0.38630307
2019-10-30 21:08:27,17231,0.32912633,0.023816423,-0.38019443
2019-10-30 21:08:27,17241,0.31202212,-0.24862924,-0.39974207
2019-10-30 21:08:27,17251,0.31080037,-0.45510152,-0.4376157
2019-10-30 21:08:27,17261,0.34500882,-0.5821613,-0.4913718
2019-10-30 21:08:27,17272,0.43052986,-0.64202607,-0.59277534
2019-10-30 21:08:27,17281,0.45496446,-0.63836086,-0.630649
2019-10-30 21:08:27,17291,0.49650326,-0.57360923,-0.7332742
2019-10-30 21:08:27,17301,0.5001684,-0.54184425,-0.75893056
2019-10-30 21:08:27,17311,0.48184252,-0.44777116,-0.8114649
2019-10-30 21:08:27,17322,0.4610731,-0.4208931,-0.82123876
2019-10-30 21:08:27,17331,0.35844782,-0.36469355,-0.86277753
2019-10-30 21:08:27,17341,0.2863658,-0.33537203,-0.8774383
2019-10-30 21:08:27,17351,0.22650102,-0.32071128,-0.87010795
2019-10-30 21:08:27,17362,0.1837405,-0.28650287,-0.85300374
2019-10-30 21:08:27,17371,0.17396666,-0.21686427,-0.8285691
2019-10-30 21:08:27,17381,0.167858,-0.12401284,-0.8151301
2019-10-30 21:08:27,17391,0.1593059,-0.07636539,-0.8102432
2019-10-30 21:08:27,17401,0.12387575,-0.053152528,-0.80535626
2019-10-30 21:08:27,17412,0.07378484,-0.060482908,-0.7943607
2019-10-30 21:08:27,17421,0.024915673,-0.0727002,-0.76748264
2019-10-30 21:08:27,17431,-0.015401401,-0.087360956,-0.72105694
2019-10-30 21:08:27,17441,-0.041057717,-0.10935209,-0.6856268
2019-10-30 21:08:27,17451,-0.045944635,-0.12401284,-0.6611922
2019-10-30 21:08:27,17462,-0.03494907,-0.13256495,-0.630649
2019-10-30 21:08:27,17471,-0.03128388,-0.15333433,-0.6001057
2019-10-30 21:08:27,17481,-0.042279445,-0.1765472,-0.56345385
2019-10-30 21:08:27,17491,-0.07037923,-0.20220351,-0.5206933
2019-10-30 21:08:27,17501,-0.082596526,-0.22175118,-0.49625874
2019-10-30 21:08:27,17511,-0.12169187,-0.2962767,-0.4547199
2019-10-30 21:08:27,17522,-0.15345684,-0.3341503,-0.43028533
2019-10-30 21:08:27,17531,-0.17911315,-0.3414807,-0.4082942
2019-10-30 21:08:27,17541,-0.20476946,-0.32193303,-0.38630307
2019-10-30 21:08:27,17551,-0.2267606,-0.27306384,-0.36431193
2019-10-30 21:08:27,17562,-0.2438648,-0.21442081,-0.3386556
2019-10-30 21:08:27,17571,-0.24875173,-0.1557778,-0.30200374
2019-10-30 21:08:27,17581,-0.24019963,-0.12156938,-0.25191283
2019-10-30 21:08:27,17591,-0.2059912,-0.12767802,-0.20060019
2019-10-30 21:08:27,17601,-0.12780051,-0.17532547,-0.138292
2019-10-30 21:08:27,17611,-0.081374794,-0.19365141,-0.100418374
2019-10-30 21:08:27,17622,-0.054496743,-0.20098178,-0.06743169
2019-10-30 21:08:27,17631,-0.042279445,-0.19853833,-0.03200153
2019-10-30 21:08:27,17641,-0.05327501,-0.1973166,0.0046503525
2019-10-30 21:08:27,17651,-0.07526615,-0.19120796,0.027863212
2019-10-30 21:08:27,17661,-0.11191803,-0.17043856,0.043745693
2019-10-30 21:08:27,17672,-0.16200894,-0.13745186,0.049854342
2019-10-30 21:08:27,17681,-0.21332158,-0.09591306,0.044967424
2019-10-30 21:08:27,17691,-0.28906876,-0.045822155,0.0022068936
2019-10-30 21:08:27,17701,-0.34893352,-0.015278919,-0.014897319
2019-10-30 21:08:28,17711,-0.3733681,0.009155671,-0.0026800241
2019-10-30 21:08:28,17722,-0.38802886,0.0311468,0.019311106
2019-10-30 21:08:28,17731,-0.40024614,0.043364096,0.051076073
2019-10-30 21:08:28,17741,-0.40879825,0.047029283,0.0730672
2019-10-30 21:08:28,17751,-0.38925058,0.048251014,0.075510666
2019-10-30 21:08:28,17761,-0.33793795,0.03236853,0.066958554
2019-10-30 21:08:28,17772,-0.25241688,-0.03238313,0.060849905
2019-10-30 21:08:28,17782,-0.11802668,-0.12401284,0.06329337
2019-10-30 21:08:28,17791,-0.026396964,-0.1643299,0.06818028
2019-10-30 21:08:28,17801,0.16663629,-0.24007712,0.10238871
2019-10-30 21:08:28,17811,0.24604869,-0.2058687,0.12682329
2019-10-30 21:08:28,17821,0.25826603,-0.0849175,0.13293195
2019-10-30 21:08:28,17832,0.20206644,0.010377401,0.12804502
2019-10-30 21:08:28,17841,0.068897925,0.06535522,0.11460601
2019-10-30 21:08:28,17851,-0.12413533,0.11788959,0.07184547
2019-10-30 21:08:28,17861,-0.35992908,0.19974546,0.003428623
2019-10-30 21:08:28,17871,-0.5798404,0.27793613,-0.09186627
2019-10-30 21:08:28,17881,-0.7814258,0.34024435,-0.23603036
2019-10-30 21:08:28,17891,-0.85839474,0.3304705,-0.32399487
2019-10-30 21:08:28,17901,-0.9170377,0.22295833,-0.43150705
2019-10-30 21:08:28,17911,-0.8999335,0.13621554,-0.46082854
2019-10-30 21:08:28,17921,-0.8486209,0.070242144,-0.4388374
2019-10-30 21:08:28,17931,-0.7679867,0.023816423,-0.3753075
2019-10-30 21:08:28,17942,-0.6507007,0.005490483,-0.27756912
2019-10-30 21:08:28,17951,-0.48821068,0.02748161,-0.1676135
2019-10-30 21:08:28,17961,-0.2646342,0.053137932,-0.023449425
2019-10-30 21:08:28,17971,-0.08503999,0.06779868,0.10361044
2019-10-30 21:08:28,17981,0.0017028118,0.076350786,0.20379224
2019-10-30 21:08:28,17992,0.045685075,0.053137932,0.29908717
2019-10-30 21:08:28,18001,0.075006574,-0.037270047,0.3381825
2019-10-30 21:08:28,18011,0.11410192,-0.18265584,0.30763924
2019-10-30 21:08:28,18021,0.16174936,-0.32437646,0.23189202
2019-10-30 21:08:28,18031,0.2008447,-0.44410595,0.117049456
2019-10-30 21:08:28,18042,0.21794891,-0.6029307,-0.100418374
2019-10-30 21:08:28,18051,0.19962297,-0.6493564,-0.25191283
2019-10-30 21:08:28,18061,0.18618396,-0.63958263,-0.39607692
2019-10-30 21:08:28,18071,0.17274493,-0.6493564,-0.52802366
2019-10-30 21:08:28,18081,0.13731477,-0.660352,-0.6538618
2019-10-30 21:08:28,18092,0.106771536,-0.646913,-0.7687044
2019-10-30 21:08:28,18101,0.10310635,-0.6481347,-0.86888623
2019-10-30 21:08:28,18111,0.13487132,-0.6811214,-0.92019886
2019-10-30 21:08:28,18121,0.19595778,-0.7018908,-0.9226423
2019-10-30 21:08:28,18131,0.26803985,-0.68600833,-0.8566689
2019-10-30 21:08:28,18141,0.29613963,-0.5968221,-0.7296091
2019-10-30 21:08:28,18151,0.29613963,-0.4832013,-0.6001057
2019-10-30 21:08:28,18162,0.27659196,-0.37446737,-0.47304583
2019-10-30 21:08:28,18171,0.25093564,-0.3048288,-0.3789727
2019-10-30 21:08:28,18181,0.22772275,-0.2840594,-0.3227731
2019-10-30 21:08:28,18191,0.22650102,-0.30727226,-0.2958951
2019-10-30 21:08:28,18201,0.27659196,-0.34514588,-0.27146047
2019-10-30 21:08:28,18212,0.31690904,-0.3964585,-0.2543563
2019-10-30 21:08:28,18221,0.34623054,-0.4208931,-0.25069112
2019-10-30 21:08:28,18231,0.3779955,-0.40256715,-0.25191283
2019-10-30 21:08:28,18242,0.41586912,-0.40867582,-0.2543563
2019-10-30 21:08:28,18251,0.452521,-0.46976227,-0.26657355
2019-10-30 21:08:28,18261,0.4855077,-0.5345139,-0.27268225
2019-10-30 21:08:28,18271,0.5160509,-0.6224784,-0.28245604
2019-10-30 21:08:28,18282,0.524603,-0.7018908,-0.2800126
2019-10-30 21:08:28,18291,0.5062771,-0.7617556,-0.255578
2019-10-30 21:08:28,18301,0.4684035,-0.7947422,-0.22625652
2019-10-30 21:08:28,18311,0.41342565,-0.8216203,-0.20548712
2019-10-30 21:08:28,18321,0.33767843,-0.83383757,-0.19571328
2019-10-30 21:08:28,18331,0.1715232,-0.78496844,-0.20548712
2019-10-30 21:08:28,18342,0.039576426,-0.6957822,-0.22747825
2019-10-30 21:08:28,18351,-0.099700734,-0.5858265,-0.27023876
2019-10-30 21:08:28,18361,-0.23164752,-0.45021462,-0.32032967
2019-10-30 21:08:28,18371,-0.33305103,-0.31826782,-0.36797714
2019-10-30 21:08:28,18381,-0.40757653,-0.218086,-0.40707248
2019-10-30 21:08:28,18391,-0.48210204,-0.14111705,-0.42906362
2019-10-30 21:08:28,18402,-0.5541841,-0.086139224,-0.41928977
2019-10-30 21:08:28,18411,-0.6091619,-0.067813285,-0.38996828
2019-10-30 21:08:28,18421,-0.6397052,-0.07025675,-0.3582033
2019-10-30 21:08:28,18432,-0.65192246,-0.073921934,-0.3288818
2019-10-30 21:08:28,18441,-0.61160535,-0.081252314,-0.3117776
2019-10-30 21:08:28,18451,-0.559071,-0.09835652,-0.31055582
2019-10-30 21:08:28,18461,-0.42223728,-0.14233877,-0.29833853
2019-10-30 21:08:28,18471,-0.28051665,-0.15089089,-0.2604649
2019-10-30 21:08:28,18482,-0.13635263,-0.1350084,-0.23480862
2019-10-30 21:08:28,18491,0.021250483,-0.100799985,-0.2299217
2019-10-30 21:08:28,18501,0.15808417,-0.05559599,-0.20670885
2019-10-30 21:08:28,18511,0.24482697,-0.036048315,-0.17127869
2019-10-30 21:08:28,18522,0.290031,-0.037270047,-0.12485297
2019-10-30 21:08:28,18531,0.25460082,-0.047043882,-0.083314165
2019-10-30 21:08:28,18541,0.1800753,-0.007948541,-0.01245386
2019-10-30 21:08:28,18551,0.16541456,0.005490483,0.040080506
2019-10-30 21:08:28,18561,0.16052763,0.015264318,0.09994525
2019-10-30 21:08:28,18572,0.17396666,0.050694473,0.16714036
2019-10-30 21:08:28,18581,0.21917064,0.108115755,0.22944857
2019-10-30 21:08:28,18591,0.28758752,0.17531088,0.2709874
2019-10-30 21:08:28,18601,0.34989572,0.24372773,0.30275238
2019-10-30 21:08:28,18612,0.3902128,0.3060359,0.30641752
2019-10-30 21:08:28,18621,0.41342565,0.2974838,0.2709874
2019-10-30 21:08:28,18631,0.4231995,0.19608028,0.20501398
2019-10-30 21:08:28,18641,0.38288242,0.03603372,0.10361044
2019-10-30 21:08:28,18651,0.290031,-0.039713506,0.044967424
2019-10-30 21:08:28,18661,0.1177671,-0.08003058,-0.0039017536
2019-10-30 21:08:28,18672,-0.108252846,-0.06659155,-0.040553637
2019-10-30 21:08:28,18681,-0.34649006,0.017707778,-0.06987515
2019-10-30 21:08:28,18691,-0.54929715,0.16675878,-0.1053053
2019-10-30 21:08:28,18701,-0.6873526,0.39155698,-0.12729643
2019-10-30 21:08:29,18712,-0.7704302,0.6713331,-0.12729643
2019-10-30 21:08:29,18721,-0.82296455,0.9645482,-0.09186627
2019-10-30 21:08:29,18731,-0.81074727,1.2259982,-0.055214386
2019-10-30 21:08:29,18741,-0.708122,1.3994837,-0.05887958
2019-10-30 21:08:29,18751,-0.5541841,1.4068141,-0.0515492
2019-10-30 21:08:29,18762,-0.41735035,1.3176278,-0.038110178
2019-10-30 21:08:29,18771,-0.34282488,1.172242,-0.03566672
2019-10-30 21:08:29,18781,-0.24630827,0.8032799,-0.03933191
2019-10-30 21:08:29,18791,-0.16689585,0.4343175,-0.038110178
2019-10-30 21:08:29,18801,-0.06549232,0.13988073,-0.03566672
2019-10-30 21:08:29,18812,0.0261374,0.01159913,-0.023449425
2019-10-30 21:08:29,18821,0.106771536,0.0030470241,-2.3656525E-4
2019-10-30 21:08:29,18831,0.17641011,0.100785375,0.03397186
2019-10-30 21:08:29,18841,0.23627485,0.30359244,0.08406277
2019-10-30 21:08:29,18852,0.3071352,0.5919207,0.13781886
2019-10-30 21:08:29,18861,0.3327915,0.6884373,0.16347517
2019-10-30 21:08:29,18871,0.34623054,0.7067632,0.17202729
2019-10-30 21:08:29,18881,0.34989572,0.6603375,0.18180111
2019-10-30 21:08:29,18891,0.36211303,0.58703375,0.19157496
2019-10-30 21:08:29,18901,0.3816607,0.5186169,0.19646187
2019-10-30 21:08:29,18911,0.40120837,0.48929533,0.1976836
2019-10-30 21:08:29,18922,0.4109822,0.49418223,0.18424457
2019-10-30 21:08:29,18931,0.4024301,0.50395614,0.173249
2019-10-30 21:08:29,18941,0.38776934,0.50639963,0.17202729
2019-10-30 21:08:29,18951,0.3657782,0.50517786,0.19279668
2019-10-30 21:08:29,18961,0.36089128,0.50517786,0.2062357
2019-10-30 21:08:29,18971,0.36822167,0.4502,0.24166586
2019-10-30 21:08:29,18982,0.38288242,0.35246164,0.26976568
2019-10-30 21:08:29,18991,0.3413436,0.22418006,0.27953947
2019-10-30 21:08:29,19001,0.2533791,0.13132863,0.29297853
2019-10-30 21:08:29,19011,0.13364959,0.082459435,0.3015306
2019-10-30 21:08:29,19021,-0.004405835,0.082459435,0.30275238
2019-10-30 21:08:29,19032,-0.14856991,0.12033305,0.29786545
2019-10-30 21:08:29,19041,-0.31716856,0.21562795,0.28320467
2019-10-30 21:08:29,19051,-0.5920577,0.5283907,0.3345173
2019-10-30 21:08:29,19061,-0.6922395,0.7409717,0.33329558
2019-10-30 21:08:29,19071,-0.6995699,0.8533708,0.28686988
2019-10-30 21:08:29,19082,-0.64703554,0.870475,0.23189202
2019-10-30 21:08:29,19091,-0.56640136,0.8228275,0.19157496
2019-10-30 21:08:29,19101,-0.47599337,0.7397499,0.15858826
2019-10-30 21:08:29,19111,-0.38192022,0.662781,0.12926675
2019-10-30 21:08:29,19121,-0.27929494,0.60780317,0.12437984
2019-10-30 21:08:29,19132,-0.17422624,0.5784816,0.15370134
2019-10-30 21:08:29,19142,-0.049609825,0.558934,0.22578338
2019-10-30 21:08:29,19151,0.043241613,0.50639963,0.31130445
2019-10-30 21:08:29,19161,0.10432808,0.4465348,0.37849957
2019-10-30 21:08:29,19171,0.17274493,0.35123992,0.45913374
2019-10-30 21:08:29,19181,0.21917064,0.28526652,0.575198
2019-10-30 21:08:29,19192,0.23016621,0.27793613,0.6423931
2019-10-30 21:08:29,19201,0.22039238,0.29870555,0.6692712
2019-10-30 21:08:29,19211,0.19107087,0.30847937,0.6704929
2019-10-30 21:08:29,19221,0.11532365,0.29504034,0.6594973
2019-10-30 21:08:29,19231,0.031024318,0.25472328,0.61673677
2019-10-30 21:08:29,19241,-0.019066587,0.06779868,0.48601174
2019-10-30 21:08:29,19252,-0.0019623765,-0.12767802,0.37361264
2019-10-30 21:08:29,19261,0.05423718,-0.26206827,0.29664367
2019-10-30 21:08:29,19271,0.12021056,-0.2840594,0.26365703
2019-10-30 21:08:29,19281,0.19351433,-0.218086,0.26365703
2019-10-30 21:08:29,19292,0.24238351,-0.10935209,0.29053503
2019-10-30 21:08:29,19301,0.23627485,-0.023831023,0.32963037
2019-10-30 21:08:29,19311,0.1593059,-0.034826588,0.36506057
2019-10-30 21:08:29,19321,0.031024318,-0.13012148,0.3699475
2019-10-30 21:08:29,19332,-0.23409098,-0.35125452,0.27465254
2019-10-30 21:08:29,19341,-0.3403814,-0.4331104,0.21356608
2019-10-30 21:08:29,19351,-0.6995699,-0.615148,-0.025892884
2019-10-30 21:08:29,19362,-0.93780714,-0.60781765,-0.23358689
2019-10-30 21:08:29,19371,-1.1357273,-0.4746492,-0.47671103
2019-10-30 21:08:29,19381,-1.2615654,-0.23274675,-0.71617
2019-10-30 21:08:29,19392,-1.2823348,0.029925073,-0.89576423
2019-10-30 21:08:29,19401,-1.1882616,0.28404477,-0.9935026
2019-10-30 21:08:29,19411,-1.0111109,0.5149517,-0.9947244
2019-10-30 21:08:29,19421,-0.8021952,0.68232864,-0.9140902
2019-10-30 21:08:29,19431,-0.5920577,0.69821113,-0.7662609
2019-10-30 21:08:29,19442,-0.37947676,0.51983863,-0.5952188
2019-10-30 21:08:29,19451,-0.15834375,0.20463239,-0.42906362
2019-10-30 21:08:29,19461,0.18618396,-0.31215918,-0.23603036
2019-10-30 21:08:29,19471,0.42686468,-0.59193516,-0.1676135
2019-10-30 21:08:29,19481,0.6528846,-0.77030766,-0.15295275
2019-10-30 21:08:29,19492,0.83614403,-0.84483314,-0.18471771
2019-10-30 21:08:29,19501,0.9473214,-0.8631591,-0.23603036
2019-10-30 21:08:29,19511,0.9937471,-0.8423897,-0.28123432
2019-10-30 21:08:29,19521,1.003521,-0.78252494,-0.31666446
2019-10-30 21:08:29,19531,0.9558735,-0.67501277,-0.34354252
2019-10-30 21:08:29,19542,0.8312571,-0.5638354,-0.35698158
2019-10-30 21:08:29,19551,0.59546334,-0.45021462,-0.40707248
2019-10-30 21:08:29,19562,0.31935248,-0.37691084,-0.5035891
2019-10-30 21:08:29,19571,0.12754095,-0.3133809,-0.56345385
2019-10-30 21:08:29,19581,-0.015401401,-0.27795076,-0.5952188
2019-10-30 21:08:29,19591,-0.09481382,-0.2840594,-0.61354476
2019-10-30 21:08:29,19601,-0.11191803,-0.308494,-0.6208751
2019-10-30 21:08:29,19612,-0.099700734,-0.30238536,-0.61232305
2019-10-30 21:08:29,19621,-0.082596526,-0.27672902,-0.60987955
2019-10-30 21:08:29,19631,-0.06671404,-0.26573345,-0.60621434
2019-10-30 21:08:29,19641,-0.0691575,-0.25229442,-0.59277534
2019-10-30 21:08:29,19651,-0.10458766,-0.21442081,-0.5817798
2019-10-30 21:08:29,19661,-0.11802668,-0.22297291,-0.5915536
2019-10-30 21:08:29,19672,-0.107031114,-0.24862924,-0.60865784
2019-10-30 21:08:29,19681,-0.0691575,-0.25473788,-0.64164454
2019-10-30 21:08:29,19691,-0.03128388,-0.2596248,-0.684405
2019-10-30 21:08:29,19701,-0.006849294,-0.2755073,-0.7235004
2019-10-30 21:08:30,19711,0.0078114592,-0.2926115,-0.7430481
2019-10-30 21:08:30,19722,0.010254918,-0.30360708,-0.73449594
2019-10-30 21:08:30,19731,0.004146271,-0.31582436,-0.7100614
2019-10-30 21:08:30,19741,-0.003184106,-0.33537203,-0.67340946
2019-10-30 21:08:30,19752,0.011476647,-0.34514588,-0.5683408
2019-10-30 21:08:30,19761,-0.023953505,-0.31215918,-0.5390192
2019-10-30 21:08:30,19771,-0.107031114,-0.24007712,-0.5329106
2019-10-30 21:08:30,19781,-0.18033488,-0.16188644,-0.5573452
2019-10-30 21:08:30,19791,-0.22920406,-0.08980442,-0.59399706
2019-10-30 21:08:30,19801,-0.24508655,-0.020165836,-0.61354476
2019-10-30 21:08:30,19812,-0.23409098,0.021372965,-0.57933635
2019-10-30 21:08:30,19821,-0.2059912,0.07146387,-0.49625874
2019-10-30 21:08:30,19831,-0.18888699,0.05680312,-0.39363343
2019-10-30 21:08:30,19842,-0.17789142,0.025038155,-0.28245604
2019-10-30 21:08:30,19851,-0.09114863,0.089789815,-0.11141394
2019-10-30 21:08:30,19861,0.035911236,0.14965457,-0.023449425
2019-10-30 21:08:30,19871,0.2338314,0.19730201,0.0522978
2019-10-30 21:08:30,19881,0.4696252,0.28770998,0.10238871
2019-10-30 21:08:30,19891,0.687093,0.35979202,0.10971908
2019-10-30 21:08:30,19901,0.8422527,0.36101374,0.09628005
2019-10-30 21:08:30,19911,0.89600873,0.11911132,0.04863261
2019-10-30 21:08:30,19921,0.8483613,-0.13623013,-0.055214386
2019-10-30 21:08:30,19931,0.8618003,0.083681166,-0.0039017536
2019-10-30 21:08:30,19941,0.87035245,0.28648823,0.10605389
2019-10-30 21:08:30,19952,0.7701706,0.26938403,0.2099009
2019-10-30 21:08:30,19961,0.6235631,0.31214458,0.2917568
2019-10-30 21:08:30,19971,0.4024301,0.3390226,0.37972128
2019-10-30 21:08:30,19981,0.09944116,-0.020165836,0.41515148
2019-10-30 21:08:30,19991,-0.22187369,-0.08980442,0.40904284
2019-10-30 21:08:30,20001,-0.6201575,-0.027496213,0.38949513
2019-10-30 21:08:30,20012,-1.0001154,0.0519162,0.33573902
2019-10-30 21:08:30,20021,-1.290887,0.12399823,0.27587432
2019-10-30 21:08:30,20031,-1.4448248,0.26938403,0.21478781
2019-10-30 21:08:30,20041,-1.4240555,0.49906915,0.18668804
2019-10-30 21:08:30,20051,-1.1516098,0.7910626,0.27831775
2019-10-30 21:08:30,20062,-0.8999335,0.9718785,0.41148627
2019-10-30 21:08:30,20071,-0.6458138,1.1416988,0.5776415
2019-10-30 21:08:30,20082,-0.40391135,1.2589848,0.7413532
2019-10-30 21:08:30,20091,-0.18766525,1.3090757,0.87329996
2019-10-30 21:08:30,20101,-7.40647E-4,1.2919716,0.9612645
2019-10-30 21:08:30,20111,0.14953206,1.1917897,1.0003598
2019-10-30 21:08:30,20121,0.2533791,0.96088296,0.98936427
2019-10-30 21:08:30,20132,0.28880927,0.57115126,0.9368299
2019-10-30 21:08:30,20141,0.30224827,0.24006255,0.85497403
2019-10-30 21:08:30,20151,0.33034804,0.088568084,0.7535705
2019-10-30 21:08:30,20161,0.36211303,0.0519162,0.6558322
2019-10-30 21:08:30,20172,0.33767843,-0.018944105,0.51533324
2019-10-30 21:08:30,20181,0.2655964,-0.094691336,0.45546854
2019-10-30 21:08:30,20191,0.17396666,-0.17043856,0.42126012
2019-10-30 21:08:30,20201,0.09088905,-0.24129885,0.4139297
2019-10-30 21:08:30,20212,0.02858086,-0.33903724,0.4322557
2019-10-30 21:08:30,20221,0.009033188,-0.41844964,0.4627989
2019-10-30 21:08:30,20231,0.044463344,-0.4416625,0.48723352
2019-10-30 21:08:30,20241,0.11043672,-0.44654942,0.50678116
2019-10-30 21:08:30,20251,0.1886274,-0.42700174,0.57275456
2019-10-30 21:08:30,20262,0.17885357,-0.41722792,0.65094525
2019-10-30 21:08:30,20271,0.0969977,-0.4294452,0.7584574
2019-10-30 21:08:30,20281,-0.043501176,-0.4367756,0.8855173
2019-10-30 21:08:30,20291,-0.16689585,-0.41111928,0.9954729
2019-10-30 21:08:30,20301,-0.24630827,-0.37568912,1.0504508
2019-10-30 21:08:30,20311,-0.26829937,-0.32681993,1.0272379
2019-10-30 21:08:30,20321,-0.24264309,-0.22908157,0.93805164
2019-10-30 21:08:30,20332,-0.19255218,-0.10202171,0.8024397
2019-10-30 21:08:30,20342,-0.14612645,-0.003061623,0.6533887
2019-10-30 21:08:30,20351,-0.12413533,0.09834192,0.45669025
2019-10-30 21:08:30,20361,-0.12657878,0.12033305,0.39926898
2019-10-30 21:08:30,20372,-0.13757434,0.1301069,0.2514397
2019-10-30 21:08:30,20381,-0.15956548,0.11544613,0.1646969
2019-10-30 21:08:30,20391,-0.21454331,0.100785375,0.08161931
2019-10-30 21:08:30,20401,-0.29517743,0.09101154,-0.005123483
2019-10-30 21:08:30,20411,-0.40513307,0.09101154,-0.09064454
2019-10-30 21:08:30,20421,-0.527306,0.0726856,-0.16150485
2019-10-30 21:08:30,20432,-0.68124396,0.062911764,-0.23114343
2019-10-30 21:08:30,20441,-0.7191176,0.06902041,-0.24091727
2019-10-30 21:08:30,20451,-0.7545477,0.076350786,-0.24213901
2019-10-30 21:08:30,20461,-0.721561,0.08001598,-0.21159576
2019-10-30 21:08:30,20472,-0.68490916,0.09101154,-0.19571328
2019-10-30 21:08:30,20481,-0.54807544,0.15698494,-0.13340507
2019-10-30 21:08:30,20491,-0.45400223,0.19485855,-0.078427255
2019-10-30 21:08:30,20501,-0.35870734,0.18019779,-0.0026800241
2019-10-30 21:08:30,20511,-0.27196455,0.11666786,0.09139314
2019-10-30 21:08:30,20521,-0.19010872,0.012820859,0.19279668
2019-10-30 21:08:30,20532,-0.12413533,-0.13867359,0.29297853
2019-10-30 21:08:30,20541,-0.07526615,-0.3378155,0.36872572
2019-10-30 21:08:30,20551,0.018807024,-0.49786207,0.44202948
2019-10-30 21:08:30,20561,0.14464515,-0.5650571,0.52266365
2019-10-30 21:08:30,20571,0.27903542,-0.5516181,0.59963256
2019-10-30 21:08:30,20582,0.40120837,-0.5198531,0.68515366
2019-10-30 21:08:30,20591,0.46351656,-0.5491746,0.737688
2019-10-30 21:08:30,20601,0.40365183,-0.5809396,0.7389097
2019-10-30 21:08:30,20611,0.20939681,-0.55406153,0.66438425
2019-10-30 21:08:30,20622,-0.108252846,-0.50885755,0.5214419
2019-10-30 21:08:30,20632,-0.590836,-0.42211482,0.24533106
2019-10-30 21:08:30,20641,-0.8645034,-0.35247624,0.021754565
2019-10-30 21:08:30,20651,-1.1845965,-0.0091702705,-0.36186844
2019-10-30 21:08:30,20662,-1.2334657,0.34146607,-0.51458466
2019-10-30 21:08:30,20671,-1.1345056,0.68355036,-0.59644055
2019-10-30 21:08:30,20681,-0.9365854,0.9840958,-0.630649
2019-10-30 21:08:30,20691,-0.69834816,1.1685768,-0.6074361
2019-10-30 21:08:30,20701,-0.47110647,1.1869028,-0.55368
2019-10-30 21:08:31,20712,-0.25241688,1.1184859,-0.49381524
2019-10-30 21:08:31,20721,-0.081374794,1.0146389,-0.4742676
2019-10-30 21:08:31,20731,0.05179372,0.89857477,-0.5121412
2019-10-30 21:08:31,20741,0.17518839,0.6578941,-0.56467557
2019-10-30 21:08:31,20751,0.2741485,0.26205367,-0.6514184
2019-10-30 21:08:31,20762,0.3083569,-0.367137,-0.7320525
2019-10-30 21:08:31,20771,0.30224827,-0.5320704,-0.7430481
2019-10-30 21:08:31,20781,0.28880927,-0.89492404,-0.75526536
2019-10-30 21:08:31,20791,0.31935248,-1.0293144,-0.7467133
2019-10-30 21:08:31,20801,0.36089128,-1.1148355,-0.7296091
2019-10-30 21:08:31,20812,0.3987649,-1.1734785,-0.7173917
2019-10-30 21:08:31,20821,0.41342565,-1.1844741,-0.7015093
2019-10-30 21:08:31,20832,0.41342565,-1.1417135,-0.67585295
2019-10-30 21:08:31,20841,0.39509973,-1.0610794,-0.64286625
2019-10-30 21:08:31,20851,0.36211303,-0.96822786,-0.6147665
2019-10-30 21:08:31,20861,0.31690904,-0.8375028,-0.57689285
2019-10-30 21:08:31,20871,0.29369617,-0.75442517,-0.5549017
2019-10-30 21:08:31,20882,0.26437467,-0.67379105,-0.53046715
2019-10-30 21:08:31,20893,0.21794891,-0.5931569,-0.49748045
2019-10-30 21:08:31,20901,0.16663629,-0.51130104,-0.46327204
2019-10-30 21:08:31,20911,0.11654537,-0.4208931,-0.43150705
2019-10-30 21:08:31,20921,0.07134138,-0.33537203,-0.41318113
2019-10-30 21:08:31,20932,0.03468951,-0.24985099,-0.41806805
2019-10-30 21:08:31,20941,0.009033188,-0.16066472,-0.44250262
2019-10-30 21:08:31,20951,-0.037392527,-0.06292637,-0.47671103
2019-10-30 21:08:31,20961,-0.0691575,-0.0311614,-0.5048108
2019-10-30 21:08:31,20971,-0.08748344,-0.040935233,-0.5170281
2019-10-30 21:08:31,20981,-0.08015306,-0.09224787,-0.48281968
2019-10-30 21:08:31,20992,-0.03494907,-0.1679951,-0.4253984
2019-10-30 21:08:31,21001,0.039576426,-0.2303033,-0.36553365
2019-10-30 21:08:31,21011,0.10432808,-0.2584031,-0.3129993
2019-10-30 21:08:31,21021,0.15197553,-0.26939866,-0.28856468
2019-10-30 21:08:31,21031,0.1593059,-0.2840594,-0.28734297
2019-10-30 21:08:31,21041,0.10554981,-0.24496405,-0.3056689
2019-10-30 21:08:31,21051,0.07989349,-0.20098178,-0.32032967
2019-10-30 21:08:31,21062,0.0017028118,-0.059261177,-0.40218556
2019-10-30 21:08:31,21071,-0.03250561,-0.029939672,-0.46571547
2019-10-30 21:08:31,21081,-0.041057717,-0.03238313,-0.5121412
2019-10-30 21:08:31,21091,-0.026396964,-0.0311614,-0.5390192
2019-10-30 21:08:31,21101,0.059124097,-0.07147847,-0.5549017
2019-10-30 21:08:31,21112,0.19717951,-0.10935209,-0.5243585
2019-10-30 21:08:31,21121,0.3242394,-0.059261177,-0.41806805
2019-10-30 21:08:31,21131,0.4195343,0.043364096,-0.29100817
2019-10-30 21:08:31,21141,0.45618618,0.14110245,-0.18227425
2019-10-30 21:08:31,21151,0.4231995,0.24617119,-0.047884014
2019-10-30 21:08:31,21161,0.36211303,0.30237073,0.014424188
2019-10-30 21:08:31,21171,0.3315698,0.3231401,0.03885878
2019-10-30 21:08:31,21181,0.22650102,0.3634572,0.098723516
2019-10-30 21:08:31,21191,0.16052763,0.40255255,0.117049456
2019-10-30 21:08:31,21202,0.12631921,0.4428696,0.11949292
2019-10-30 21:08:31,21211,0.112880185,0.4758563,0.12437984
2019-10-30 21:08:31,21221,0.08355868,0.495404,0.13171022
2019-10-30 21:08:31,21231,-0.010514483,0.51983863,0.16103172
2019-10-30 21:08:31,21242,-0.19621736,0.5161734,0.20501398
2019-10-30 21:08:31,21251,-0.6885743,0.43920442,0.27953947
2019-10-30 21:08:31,21261,-1.0954102,0.36590067,0.31130445
2019-10-30 21:08:31,21271,-1.4264989,0.34146607,0.30641752
2019-10-30 21:08:31,21281,-1.6073148,0.41476983,0.29786545
2019-10-30 21:08:31,21292,-1.5645543,0.5784816,0.29664367
2019-10-30 21:08:31,21301,-1.3409779,0.8350448,0.3051958
2019-10-30 21:08:31,21311,-0.992785,1.10016,0.3210783
2019-10-30 21:08:31,21322,-0.61160535,1.3200713,0.36261708
2019-10-30 21:08:31,21331,-0.26341245,1.4593484,0.4322557
2019-10-30 21:08:31,21341,0.004146271,1.4813396,0.529994
2019-10-30 21:08:31,21352,0.25948775,1.2809759,0.7083665
2019-10-30 21:08:31,21361,0.35844782,1.0329648,0.80610484
2019-10-30 21:08:31,21371,0.42930815,0.7739583,0.8610827
2019-10-30 21:08:31,21382,0.50139016,0.5845903,0.86352617
2019-10-30 21:08:31,21391,0.5820243,0.42210022,0.8537523
2019-10-30 21:08:31,21401,0.64555424,0.19852374,0.7987745
2019-10-30 21:08:31,21411,0.67976266,0.047029283,0.7951093
2019-10-30 21:08:31,21421,0.69686687,0.01159913,0.7902224
2019-10-30 21:08:31,21431,0.70541894,-0.0067268116,0.7987745
2019-10-30 21:08:31,21442,0.7445143,-0.04826561,0.8513088
2019-10-30 21:08:31,21451,0.77139235,-0.043378692,0.87329996
2019-10-30 21:08:31,21461,0.8569134,-0.018944105,0.93805164
2019-10-30 21:08:31,21471,0.89112186,-0.026274482,0.97470355
2019-10-30 21:08:31,21481,0.9070043,-0.053152528,1.0028033
2019-10-30 21:08:31,21492,0.90456086,-0.105686896,1.0186858
2019-10-30 21:08:31,21501,0.89600873,-0.1557778,1.0247945
2019-10-30 21:08:31,21511,0.8776828,-0.2388554,1.0113554
2019-10-30 21:08:31,21522,0.8801263,-0.28039423,0.97592527
2019-10-30 21:08:31,21531,0.9070043,-0.28161594,0.9270561
2019-10-30 21:08:31,21542,0.9473214,-0.23763368,0.87452173
2019-10-30 21:08:31,21551,0.9766429,-0.15333433,0.81099176
2019-10-30 21:08:31,21561,0.9680908,-0.09591306,0.7706747
2019-10-30 21:08:31,21571,0.894787,0.047029283,0.69492745
2019-10-30 21:08:31,21581,0.8165963,0.11055921,0.63261926
2019-10-30 21:08:31,21591,0.7176363,0.14110245,0.5629807
2019-10-30 21:08:31,21601,0.59301984,0.17531088,0.46768582
2019-10-30 21:08:31,21611,0.4403037,0.2302887,0.35528672
2019-10-30 21:08:31,21622,0.26926157,0.27060577,0.2392224
2019-10-30 21:08:31,21631,0.0884456,0.27793613,0.13293195
2019-10-30 21:08:31,21641,-0.099700734,0.255945,0.06940201
2019-10-30 21:08:31,21651,-0.33915967,0.16553704,0.027863212
2019-10-30 21:08:31,21662,-0.4601109,0.094676726,0.021754565
2019-10-30 21:08:31,21671,-0.5554058,0.03236853,0.011980729
2019-10-30 21:08:31,21681,-0.6335965,0.006712212,-0.018562507
2019-10-30 21:08:31,21691,-0.68490916,-0.0018398936,-0.042997096
2019-10-30 21:08:31,21701,-0.721561,-0.0018398936,-0.07476206
2019-10-30 21:08:32,21712,-0.7350001,-0.017722378,-0.10774876
2019-10-30 21:08:32,21721,-0.71789587,-0.03238313,-0.13096163
2019-10-30 21:08:32,21731,-0.6665832,-0.02871794,-0.13951373
2019-10-30 21:08:32,21741,-0.5871708,0.006712212,-0.11874433
2019-10-30 21:08:32,21751,-0.49554107,0.048251014,-0.083314165
2019-10-30 21:08:32,21762,-0.38069847,0.09101154,-0.0026800241
2019-10-30 21:08:32,21771,-0.3562639,0.082459435,0.04863261
2019-10-30 21:08:32,21781,-0.378255,0.03847718,0.08650622
2019-10-30 21:08:32,21791,-0.44911534,-0.03238313,0.10849735
2019-10-30 21:08:32,21801,-0.5309712,-0.12156938,0.11338428
2019-10-30 21:08:32,21812,-0.604275,-0.19609487,0.10849735
2019-10-30 21:08:32,21821,-0.66291803,-0.2510727,0.09628005
2019-10-30 21:08:32,21831,-0.69834816,-0.31582436,0.08650622
2019-10-30 21:08:32,21841,-0.708122,-0.36469355,0.06940201
2019-10-30 21:08:32,21851,-0.7032351,-0.4037889,0.043745693
2019-10-30 21:08:32,21862,-0.6910178,-0.50763583,-0.028336342
2019-10-30 21:08:32,21871,-0.7325566,-0.62125665,-0.097974926
2019-10-30 21:08:32,21881,-0.8473992,-0.72266024,-0.18960464
2019-10-30 21:08:32,21891,-1.0502062,-0.7556469,-0.3117776
2019-10-30 21:08:32,21901,-1.3079911,-0.72266024,-0.48037624
2019-10-30 21:08:32,21912,-1.5547805,-0.64202607,-0.65997046
2019-10-30 21:08:32,21921,-1.7160488,-0.5051924,-0.82123876
2019-10-30 21:08:32,21931,-1.7636962,-0.31582436,-0.94829863
2019-10-30 21:08:32,21941,-1.7001663,-0.08980442,-1.0154938
2019-10-30 21:08:32,21951,-1.5535588,0.13377208,-1.0179372
2019-10-30 21:08:32,21962,-1.358082,0.30359244,-0.9544073
2019-10-30 21:08:32,21971,-1.155275,0.36834413,-0.83467776
2019-10-30 21:08:32,21981,-0.8645034,0.27793613,-0.6074361
2019-10-30 21:08:32,21991,-0.6885743,0.13743727,-0.46449375
2019-10-30 21:08:32,22002,-0.5285278,-0.020165836,-0.3557598
2019-10-30 21:08:32,22011,-0.3941375,-0.16310817,-0.2922299
2019-10-30 21:08:32,22021,-0.29395568,-0.29383326,-0.2800126
2019-10-30 21:08:32,22031,-0.22187369,-0.39890197,-0.31666446
2019-10-30 21:08:32,22042,-0.17911315,-0.4868665,-0.39485514
2019-10-30 21:08:32,22051,-0.15834375,-0.5003055,-0.5243585
2019-10-30 21:08:32,22061,-0.1559003,-0.44899288,-0.6404228
2019-10-30 21:08:32,22071,-0.14979164,-0.41111928,-0.7308308
2019-10-30 21:08:32,22081,-0.143683,-0.3622501,-0.8749949
2019-10-30 21:08:32,22092,-0.1314657,-0.37324566,-0.9250858
2019-10-30 21:08:32,22101,-0.100922465,-0.38546294,-0.9189771
2019-10-30 21:08:32,22111,-0.056940198,-0.39034986,-0.86277753
2019-10-30 21:08:32,22121,0.0053680004,-0.38057604,-0.7784782
2019-10-30 21:08:32,22132,0.09211078,-0.34514588,-0.67951816
2019-10-30 21:08:32,22141,0.18618396,-0.2840594,-0.5683408
2019-10-30 21:08:32,22152,0.30102655,-0.19853833,-0.43272877
2019-10-30 21:08:32,22161,0.34500882,-0.15455607,-0.38019443
2019-10-30 21:08:32,22171,0.38899106,-0.087360956,-0.3288818
2019-10-30 21:08:32,22181,0.40120837,-0.06659155,-0.32766002
2019-10-30 21:08:32,22192,0.4060953,-0.0727002,-0.33987737
2019-10-30 21:08:32,22201,0.40120837,-0.08247404,-0.33987737
2019-10-30 21:08:32,22211,0.38899106,-0.11423901,-0.3386556
2019-10-30 21:08:32,22221,0.3657782,-0.15699953,-0.33621216
2019-10-30 21:08:32,22231,0.33767843,-0.19853833,-0.3423208
2019-10-30 21:08:32,22241,0.30469173,-0.22541638,-0.36919886
2019-10-30 21:08:32,22252,0.26681814,-0.26084656,-0.4241767
2019-10-30 21:08:32,22261,0.24727042,-0.29872015,-0.46205026
2019-10-30 21:08:32,22271,0.20695335,-0.39768025,-0.5329106
2019-10-30 21:08:32,22281,0.17763184,-0.42578003,-0.5707842
2019-10-30 21:08:32,22291,0.15564072,-0.40012372,-0.6049926
2019-10-30 21:08:32,22302,0.14097996,-0.308494,-0.6233186
2019-10-30 21:08:32,22311,0.1299844,-0.17166029,-0.62942725
2019-10-30 21:08:32,22321,0.11532365,-0.022609295,-0.62209684
2019-10-30 21:08:32,22331,0.10554981,0.11666786,-0.6025492
2019-10-30 21:08:32,22341,0.094554245,0.22662352,-0.5744494
2019-10-30 21:08:32,22352,0.07134138,0.3219184,-0.54268444
2019-10-30 21:08:32,22361,0.07867176,0.34879646,-0.52924544
2019-10-30 21:08:32,22371,0.10310635,0.3475747,-0.5206933
2019-10-30 21:08:32,22381,0.13120613,0.33657914,-0.50114566
2019-10-30 21:08:32,22391,0.16541456,0.31580976,-0.46938068
2019-10-30 21:08:32,22402,0.19962297,0.27060577,-0.42051148
2019-10-30 21:08:32,22411,0.24727042,0.2009672,-0.3582033
2019-10-30 21:08:32,22421,0.32057422,0.17408915,-0.2800126
2019-10-30 21:08:32,22431,0.42075604,0.18997164,-0.19693501
2019-10-30 21:08:32,22441,0.51727265,0.20829758,-0.1175226
2019-10-30 21:08:32,22452,0.5734722,0.21074103,-0.05277093
2019-10-30 21:08:32,22461,0.5575897,0.21440622,0.03275013
2019-10-30 21:08:32,22471,0.5074988,0.23761909,0.080397576
2019-10-30 21:08:32,22481,0.34500882,0.30847937,0.1646969
2019-10-30 21:08:32,22492,0.18496223,0.33291396,0.20257051
2019-10-30 21:08:32,22501,-0.05205328,0.30847937,0.21600954
2019-10-30 21:08:32,22511,-0.3855854,0.24739291,0.19157496
2019-10-30 21:08:32,22521,-0.77776057,0.18874991,0.13048849
2019-10-30 21:08:32,22531,-1.1027406,0.19608028,0.04863261
2019-10-30 21:08:32,22542,-1.2786696,0.36101374,-0.029558074
2019-10-30 21:08:32,22551,-1.2517916,0.5296125,-0.029558074
2019-10-30 21:08:32,22561,-1.0721973,0.78128874,0.03275013
2019-10-30 21:08:32,22571,-0.61893576,1.1368119,0.24166586
2019-10-30 21:08:32,22581,-0.30372953,1.2858629,0.40537763
2019-10-30 21:08:32,22591,-0.044722907,1.3066323,0.55198514
2019-10-30 21:08:32,22602,0.13975823,1.1881245,0.66560596
2019-10-30 21:08:32,22611,0.2533791,0.97310024,0.7499053
2019-10-30 21:08:32,22621,0.30347002,0.69821113,0.7914441
2019-10-30 21:08:32,22631,0.29613963,0.4086612,0.7902224
2019-10-30 21:08:32,22641,0.26803985,0.15209801,0.7670095
2019-10-30 21:08:32,22652,0.2338314,-0.13134322,0.7083665
2019-10-30 21:08:32,22661,0.2338314,-0.18998623,0.69370574
2019-10-30 21:08:32,22671,0.23627485,-0.25351617,0.6729364
2019-10-30 21:08:32,22681,0.22772275,-0.23152502,0.6827102
2019-10-30 21:08:32,22692,0.213062,-0.19120796,0.71325344
2019-10-30 21:08:32,22701,0.19351433,-0.13867359,0.7535705
2019-10-30 21:08:33,22711,0.17641011,-0.07636539,0.782892
2019-10-30 21:08:33,22721,0.18251877,-0.016500646,0.78900063
2019-10-30 21:08:33,22731,0.2045099,0.047029283,0.77556163
2019-10-30 21:08:33,22742,0.24238351,0.10933749,0.74379665
2019-10-30 21:08:33,22751,0.2827006,0.17531088,0.69614923
2019-10-30 21:08:33,22761,0.31080037,0.21562795,0.6436148
2019-10-30 21:08:33,22771,0.3242394,0.25105813,0.561759
2019-10-30 21:08:33,22781,0.31080037,0.2718275,0.5128898
2019-10-30 21:08:33,22791,0.27659196,0.27793613,0.47745967
2019-10-30 21:08:33,22802,0.23016621,0.27427095,0.4652424
2019-10-30 21:08:33,22811,0.18496223,0.28282306,0.47135103
2019-10-30 21:08:33,22821,0.13487132,0.3219184,0.47012925
2019-10-30 21:08:33,22831,0.08355868,0.37445277,0.4664641
2019-10-30 21:08:33,22841,0.040798157,0.41599157,0.45546854
2019-10-30 21:08:33,22852,0.010254918,0.4379827,0.4371426
2019-10-30 21:08:33,22862,-0.0056275646,0.4379827,0.4200384
2019-10-30 21:08:33,22871,-0.043501176,0.4086612,0.39071685
2019-10-30 21:08:33,22881,-0.07770961,0.36467892,0.354065
2019-10-30 21:08:33,22891,-0.119248405,0.29137516,0.30886102
2019-10-30 21:08:33,22901,-0.16200894,0.17897607,0.2587701
2019-10-30 21:08:33,22912,-0.22187369,0.023816423,0.20745744
2019-10-30 21:08:33,22921,-0.3147251,-0.1643299,0.1646969
2019-10-30 21:08:33,22931,-0.4112417,-0.3329286,0.13293195
2019-10-30 21:08:33,22941,-0.48210204,-0.44777116,0.10483217
2019-10-30 21:08:33,22951,-0.5053149,-0.49419686,0.07062374
2019-10-30 21:08:33,22962,-0.47354993,-0.47587094,0.040080506
2019-10-30 21:08:33,22972,-0.39535925,-0.41722792,0.019311106
2019-10-30 21:08:33,22981,-0.25241688,-0.26084656,0.025419753
2019-10-30 21:08:33,22991,-0.15956548,-0.16188644,0.05351953
2019-10-30 21:08:33,23001,-0.064270586,-0.086139224,0.10116698
2019-10-30 21:08:33,23011,0.043241613,-0.044600423,0.16103172
2019-10-30 21:08:33,23022,0.15686244,-0.061704632,0.20745744
2019-10-30 21:08:33,23031,0.26803985,-0.13134322,0.23433548
2019-10-30 21:08:33,23041,0.37921724,-0.21197735,0.24166586
2019-10-30 21:08:33,23051,0.48795116,-0.27672902,0.23555721
2019-10-30 21:08:33,23061,0.5856895,-0.4416625,0.18424457
2019-10-30 21:08:33,23072,0.55148107,-0.66157377,0.09505834
2019-10-30 21:08:33,23081,0.49894673,-0.8045161,0.03030667
2019-10-30 21:08:33,23091,0.22772275,-1.2589996,-0.22503479
2019-10-30 21:08:33,23101,-0.009292753,-1.4666935,-0.44005913
2019-10-30 21:08:33,23111,-0.25119516,-1.5424408,-0.6673008
2019-10-30 21:08:33,23122,-0.47599337,-1.4605849,-0.86888623
2019-10-30 21:08:33,23131,-0.6226009,-1.2822124,-1.0350415
2019-10-30 21:08:33,23142,-0.6580311,-1.0952878,-1.1559926
2019-10-30 21:08:33,23151,-0.57251,-0.78741187,-1.2256312
2019-10-30 21:08:33,23161,-0.4649978,-0.5846048,-1.2292964
2019-10-30 21:08:33,23171,-0.14979164,-0.2962767,-1.1779838
2019-10-30 21:08:33,23182,0.087223865,-0.21075563,-1.1107886
2019-10-30 21:08:33,23191,0.29369617,-0.19487314,-1.0118285
2019-10-30 21:08:33,23201,0.43908197,-0.24740753,-0.910425
2019-10-30 21:08:33,23211,0.5221596,-0.34392413,-0.8261257
2019-10-30 21:08:33,23221,0.5661418,-0.4624319,-0.7662609
2019-10-30 21:08:33,23232,0.5856895,-0.5821613,-0.76992613
2019-10-30 21:08:33,23241,0.5856895,-0.6982256,-0.7467133
2019-10-30 21:08:33,23251,0.6235631,-0.8265072,-0.75770885
2019-10-30 21:08:33,23261,0.75550985,-1.008545,-0.82979083
2019-10-30 21:08:33,23271,0.83858746,-1.1026182,-0.896986
2019-10-30 21:08:33,23281,0.8654655,-1.1478221,-0.9776201
2019-10-30 21:08:33,23292,0.80804425,-1.0952878,-1.0582542
2019-10-30 21:08:33,23301,0.67854095,-0.9828886,-1.0826888
2019-10-30 21:08:33,23311,0.538042,-0.84972006,-1.0900192
2019-10-30 21:08:33,23321,0.4195343,-0.7275471,-1.0851324
2019-10-30 21:08:33,23331,0.33645672,-0.62492186,-1.0619195
2019-10-30 21:08:33,23342,0.2778137,-0.5357356,-1.0252676
2019-10-30 21:08:33,23351,0.27048331,-0.5174097,-1.0130503
2019-10-30 21:08:33,23361,0.3279046,-0.5186314,-1.0020547
2019-10-30 21:08:33,23372,0.3743303,-0.49419686,-0.9763984
2019-10-30 21:08:33,23381,0.39143452,-0.41844964,-0.93363786
2019-10-30 21:08:33,23391,0.33401325,-0.3866847,-0.8603341
2019-10-30 21:08:33,23401,0.3401219,-0.27917248,-0.8090215
2019-10-30 21:08:33,23411,0.43786025,-0.14600396,-0.7955824
2019-10-30 21:08:33,23421,0.4769556,-0.1350084,-0.7735913
2019-10-30 21:08:33,23432,0.54659414,-0.18754277,-0.78825206
2019-10-30 21:08:33,23441,0.6333369,-0.24618578,-0.8236822
2019-10-30 21:08:33,23451,0.6858713,-0.36102837,-0.8310126
2019-10-30 21:08:33,23461,0.6406673,-0.52718353,-0.7858086
2019-10-30 21:08:33,23471,0.57591563,-0.5821613,-0.7662609
2019-10-30 21:08:33,23482,0.48917288,-0.61148286,-0.7467133
2019-10-30 21:08:33,23491,0.37188685,-0.6261436,-0.7308308
2019-10-30 21:08:33,23501,0.2619312,-0.6127046,-0.73816115
2019-10-30 21:08:33,23511,0.167858,-0.56139195,-0.7784782
2019-10-30 21:08:33,23521,0.08478041,-0.5198531,-0.83589953
2019-10-30 21:08:33,23532,0.009033188,-0.47342747,-0.8933208
2019-10-30 21:08:33,23541,-0.044722907,-0.40745407,-0.9385248
2019-10-30 21:08:33,23551,-0.07648788,-0.3500328,-0.9715115
2019-10-30 21:08:33,23561,-0.08015306,-0.2999419,-0.9580724
2019-10-30 21:08:33,23571,-0.05571847,-0.18754277,-0.88232523
2019-10-30 21:08:33,23582,0.027359132,-0.033604857,-0.7894738
2019-10-30 21:08:33,23591,0.1299844,0.075129054,-0.702731
2019-10-30 21:08:33,23601,0.21794891,0.088568084,-0.6184317
2019-10-30 21:08:33,23611,0.31446558,0.064133495,-0.55123657
2019-10-30 21:08:33,23621,0.42686468,0.040920638,-0.4901501
2019-10-30 21:08:33,23631,0.569807,-0.016500646,-0.4217332
2019-10-30 21:08:33,23642,0.72252315,-0.13012148,-0.359425
2019-10-30 21:08:33,23651,0.8923436,-0.2828377,-0.31544274
2019-10-30 21:08:33,23661,1.0487249,-0.47587094,-0.25679976
2019-10-30 21:08:33,23671,1.3675963,-0.7348775,-0.13340507
2019-10-30 21:08:33,23682,1.5691817,-0.8790416,-0.03444499
2019-10-30 21:08:33,23691,1.6656983,-0.9889972,0.03519359
2019-10-30 21:08:33,23701,1.653481,-0.9511236,0.06329337
2019-10-30 21:08:34,23711,1.5080953,-0.75686866,0.07673238
2019-10-30 21:08:34,23722,1.2099932,-0.52474004,0.07673238
2019-10-30 21:08:34,23732,0.7994921,-0.3292634,0.021754565
2019-10-30 21:08:34,23742,0.3560044,-0.19242968,-0.05887958
2019-10-30 21:08:34,23751,-0.07160096,-0.13378668,-0.17005697
2019-10-30 21:08:34,23761,-0.40879825,-0.172882,-0.33132523
2019-10-30 21:08:34,23772,-0.68979603,-0.41111928,-0.5549017
2019-10-30 21:08:34,23781,-0.7655433,-0.6102611,-0.644088
2019-10-30 21:08:34,23791,-0.79608655,-0.78252494,-0.7186135
2019-10-30 21:08:34,23801,-0.79242134,-0.83628106,-0.79191726
2019-10-30 21:08:34,23811,-0.7484391,-0.6982256,-0.8725514
2019-10-30 21:08:34,23822,-0.6555876,-0.3793543,-0.95074207
2019-10-30 21:08:34,23831,-0.49676278,0.0030470241,-1.0252676
2019-10-30 21:08:34,23841,-0.25363863,0.3720093,-1.0655847
2019-10-30 21:08:34,23851,0.02858086,0.6725548,-1.0655847
2019-10-30 21:08:34,23861,0.41831258,0.9511091,-0.96540284
2019-10-30 21:08:34,23872,0.65044117,0.99020445,-0.8456733
2019-10-30 21:08:34,23881,0.85446995,0.9340049,-0.71250486
2019-10-30 21:08:34,23891,0.98397326,0.79961467,-0.58911014
2019-10-30 21:08:34,23901,1.0548335,0.63590294,-0.5072543
2019-10-30 21:08:34,23911,1.0597205,0.4673042,-0.47793275
2019-10-30 21:08:34,23921,1.0010774,0.31580976,-0.48159796
2019-10-30 21:08:34,23932,0.92044336,0.19852374,-0.5023674
2019-10-30 21:08:34,23941,0.8569134,0.10322884,-0.5170281
2019-10-30 21:08:34,23951,0.8129312,0.010377401,-0.51336294
2019-10-30 21:08:34,23962,0.7787227,-0.047043882,-0.49381524
2019-10-30 21:08:34,23971,0.6614367,-0.11546073,-0.45594162
2019-10-30 21:08:34,23981,0.4403037,-0.1887645,-0.40340728
2019-10-30 21:08:34,23991,0.21061854,-0.18387757,-0.36675537
2019-10-30 21:08:34,24001,-0.041057717,-0.13989532,-0.345986
2019-10-30 21:08:34,24011,-0.26096898,-0.08980442,-0.32766002
2019-10-30 21:08:34,24022,-0.4026896,-0.06536983,-0.3093341
2019-10-30 21:08:34,24031,-0.46377608,-0.08980442,-0.29100817
2019-10-30 21:08:34,24041,-0.44911534,-0.1557778,-0.27023876
2019-10-30 21:08:34,24051,-0.37581155,-0.22785984,-0.2384738
2019-10-30 21:08:34,24061,-0.28296012,-0.28039423,-0.20182192
2019-10-30 21:08:34,24072,-0.14123954,-0.29383326,-0.1505093
2019-10-30 21:08:34,24081,-0.056940198,-0.28650287,-0.1175226
2019-10-30 21:08:34,24091,-0.0056275646,-0.3011636,-0.11019221
2019-10-30 21:08:34,24101,0.011476647,-0.3255982,-0.12118778
2019-10-30 21:08:34,24111,0.02980259,-0.4196714,-0.18593945
2019-10-30 21:08:34,24121,0.022472214,-0.4746492,-0.255578
2019-10-30 21:08:34,24132,-7.40647E-4,-0.51252276,-0.33621216
2019-10-30 21:08:34,24141,-0.03494907,-0.54428774,-0.41928977
2019-10-30 21:08:34,24151,-0.07770961,-0.56139195,-0.4901501
2019-10-30 21:08:34,24161,-0.14246127,-0.5369573,-0.57811457
2019-10-30 21:08:34,24171,-0.16567412,-0.52107483,-0.6074361
2019-10-30 21:08:34,24181,-0.24142136,-0.48564476,-0.70517445
2019-10-30 21:08:34,24192,-0.30128607,-0.4660971,-0.78703034
2019-10-30 21:08:34,24201,-0.36237255,-0.44288424,-0.8811035
2019-10-30 21:08:34,24211,-0.40879825,-0.40867582,-0.96662456
2019-10-30 21:08:34,24221,-0.4442284,-0.35980663,-1.0423717
2019-10-30 21:08:34,24231,-0.46621954,-0.3011636,-1.1022365
2019-10-30 21:08:34,24242,-0.47599337,-0.22052945,-1.1474406
2019-10-30 21:08:34,24251,-0.47110647,-0.13134322,-1.1938663
2019-10-30 21:08:34,24261,-0.46377608,-0.047043882,-1.2354051
2019-10-30 21:08:34,24271,-0.46988472,0.023816423,-1.2818308
2019-10-30 21:08:34,24281,-0.50653666,0.016486049,-1.2964915
2019-10-30 21:08:34,24291,-0.5566276,-0.016500646,-1.2989349
2019-10-30 21:08:34,24301,-0.6103836,-0.09224787,-1.2903829
2019-10-30 21:08:34,24311,-0.63604,-0.19976006,-1.2635049
2019-10-30 21:08:34,24321,-0.6091619,-0.3048288,-1.2231877
2019-10-30 21:08:34,24331,-0.5224191,-0.41478446,-1.1755403
2019-10-30 21:08:34,24341,-0.4014679,-0.5222966,-1.1340015
2019-10-30 21:08:34,24352,-0.26829937,-0.5894917,-1.1022365
2019-10-30 21:08:34,24361,-0.13268743,-0.6163697,-1.077802
2019-10-30 21:08:34,24371,0.07745003,-0.5833831,-1.0252676
2019-10-30 21:08:34,24381,0.24360524,-0.46854055,-0.9861722
2019-10-30 21:08:34,24391,0.43786025,-0.26206827,-0.96173763
2019-10-30 21:08:34,24402,0.6040154,-0.08003058,-0.94585514
2019-10-30 21:08:34,24411,0.6993103,-0.034826588,-0.94219
2019-10-30 21:08:34,24421,0.67976266,-0.093469605,-0.96173763
2019-10-30 21:08:34,24431,0.5417072,-0.21075563,-1.0325979
2019-10-30 21:08:34,24441,0.32179594,-0.32315475,-1.1608795
2019-10-30 21:08:34,24452,0.081115216,-0.40989754,-1.3355869
2019-10-30 21:08:34,24461,-0.12902224,-0.47342747,-1.533507
2019-10-30 21:08:34,24471,-0.28051665,-0.57483095,-1.7949572
2019-10-30 21:08:34,24482,-0.2646342,-0.63836086,-1.903691
2019-10-30 21:08:34,24492,-0.15712202,-0.692117,-1.9696645
2019-10-30 21:08:34,24501,0.02980259,-0.692117,-1.9916555
2019-10-30 21:08:34,24511,0.25948775,-0.646913,-1.9659992
2019-10-30 21:08:34,24521,0.49528152,-0.5503964,-1.8878086
2019-10-30 21:08:34,24531,0.68831474,-0.45632327,-1.7705225
2019-10-30 21:08:34,24541,0.7970487,-0.4294452,-1.6361322
2019-10-30 21:08:34,24552,0.8165963,-0.48075783,-1.4626467
2019-10-30 21:08:34,24561,0.77261406,-0.54550946,-1.371017
2019-10-30 21:08:34,24571,0.67976266,-0.63713914,-1.2769438
2019-10-30 21:08:34,24581,0.5588114,-0.73609924,-1.208527
2019-10-30 21:08:34,24591,0.37066513,-0.88148504,-1.0887975
2019-10-30 21:08:34,24602,0.23749658,-0.9511236,-0.9983895
2019-10-30 21:08:34,24611,0.087223865,-1.0024364,-0.9092033
2019-10-30 21:08:34,24621,-0.088705175,-1.0378665,-0.8273474
2019-10-30 21:08:34,24631,-0.3025078,-1.0574142,-0.7467133
2019-10-30 21:08:34,24641,-0.5407451,-1.0488621,-0.6856268
2019-10-30 21:08:34,24652,-0.77287364,-1.0195405,-0.6501966
2019-10-30 21:08:34,24661,-0.9695721,-0.96334094,-0.630649
2019-10-30 21:08:34,24671,-1.0941885,-0.81917685,-0.6379793
2019-10-30 21:08:34,24681,-1.0379889,-0.6970039,-0.65874875
2019-10-30 21:08:34,24691,-0.90482044,-0.57605267,-0.670966
2019-10-30 21:08:34,24701,-0.7350001,-0.4660971,-0.6648574
2019-10-30 21:08:35,24712,-0.56517965,-0.38301948,-0.6245403
2019-10-30 21:08:35,24721,-0.4149069,-0.33659378,-0.56223214
2019-10-30 21:08:35,24731,-0.29517743,-0.29749843,-0.5048108
2019-10-30 21:08:35,24741,-0.21209985,-0.25718135,-0.46082854
2019-10-30 21:08:35,24751,-0.15712202,-0.23396848,-0.42295492
2019-10-30 21:08:35,24761,-0.11313976,-0.22419465,-0.404629
2019-10-30 21:08:35,24772,-0.030062154,-0.22785984,-0.4412809
2019-10-30 21:08:35,24781,0.031024318,-0.22541638,-0.49503702
2019-10-30 21:08:35,24791,0.07745003,-0.1973166,-0.5561235
2019-10-30 21:08:35,24801,0.11043672,-0.14844742,-0.6184317
2019-10-30 21:08:35,24811,0.118988834,-0.087360956,-0.6782964
2019-10-30 21:08:35,24822,0.106771536,-0.014057187,-0.7320525
2019-10-30 21:08:35,24831,0.1177671,0.045807555,-0.79069555
2019-10-30 21:08:35,24841,0.15808417,0.100785375,-0.8456733
2019-10-30 21:08:35,24851,0.22283584,0.16920224,-0.8933208
2019-10-30 21:08:35,24862,0.32179594,0.23761909,-0.92997265
2019-10-30 21:08:35,24871,0.4403037,0.28526652,-0.9348596
2019-10-30 21:08:35,24881,0.5820243,0.3304705,-0.896986
2019-10-30 21:08:35,24891,0.6577715,0.36467892,-0.84933853
2019-10-30 21:08:35,24901,0.732297,0.4086612,-0.7968042
2019-10-30 21:08:35,24911,0.7970487,0.43065232,-0.74060464
2019-10-30 21:08:35,24921,0.8434744,0.4172133,-0.6966224
2019-10-30 21:08:35,24932,0.8776828,0.38544834,-0.6782964
2019-10-30 21:08:35,24941,0.8972305,0.33169222,-0.6941789
2019-10-30 21:08:35,24951,0.92044336,0.2596102,-0.7430481
2019-10-30 21:08:35,24961,0.9778646,0.14110245,-0.8236822
2019-10-30 21:08:35,24971,1.0487249,-0.012835459,-0.87988174
2019-10-30 21:08:35,24981,1.0963724,-0.13623013,-0.90309465
2019-10-30 21:08:35,24992,1.1195853,-0.20831217,-0.8908773
2019-10-30 21:08:35,25001,1.1085896,-0.23274675,-0.84933853
2019-10-30 21:08:35,25011,1.0914855,-0.26939866,-0.7992476
2019-10-30 21:08:35,25021,1.0817116,-0.35980663,-0.7650392
2019-10-30 21:08:35,25032,1.0927072,-0.45998845,-0.73816115
2019-10-30 21:08:35,25041,1.1269156,-0.5503964,-0.7173917
2019-10-30 21:08:35,25052,1.2185453,-0.57727444,-0.6941789
2019-10-30 21:08:35,25061,1.2759666,-0.5491746,-0.6538618
2019-10-30 21:08:35,25072,1.3627094,-0.49297515,-0.5072543
2019-10-30 21:08:35,25081,1.3724833,-0.55406153,-0.40096378
2019-10-30 21:08:35,25091,1.3443835,-0.6811214,-0.3129993
2019-10-30 21:08:35,25101,1.229541,-0.91080654,-0.26413012
2019-10-30 21:08:35,25111,1.0157382,-1.2064652,-0.26168668
2019-10-30 21:08:35,25122,0.7176363,-1.4923499,-0.31422102
2019-10-30 21:08:35,25131,0.2998048,-1.772126,-0.40096378
2019-10-30 21:08:35,25141,-0.14856991,-1.8833033,-0.5390192
2019-10-30 21:08:35,25151,-0.5211974,-1.7452478,-0.74182636
2019-10-30 21:08:35,25161,-0.8535078,-1.2699951,-1.050924
2019-10-30 21:08:35,25172,-0.9500244,-0.73976445,-1.3062654
2019-10-30 21:08:35,25181,-0.87427723,-0.3549197,-1.4088906
2019-10-30 21:08:35,25191,-0.6739136,0.012820859,-1.4321035
2019-10-30 21:08:35,25201,-0.37458983,0.29015344,-1.3771256
2019-10-30 21:08:35,25211,-0.07404442,0.40743947,-1.285496
2019-10-30 21:08:35,25222,0.1886274,0.36590067,-1.1779838
2019-10-30 21:08:35,25231,0.41342565,0.16675878,-1.0668063
2019-10-30 21:08:35,25241,0.59424156,-0.13378668,-0.97884184
2019-10-30 21:08:35,25251,0.74207085,-0.5394008,-0.9116467
2019-10-30 21:08:35,25261,0.7799445,-0.9413498,-0.88721216
2019-10-30 21:08:35,25272,0.7335187,-1.2101303,-0.91653365
2019-10-30 21:08:35,25281,0.6394456,-1.3994985,-0.9861722
2019-10-30 21:08:35,25291,0.5123857,-1.4886847,-1.0790237
2019-10-30 21:08:35,25301,0.37188685,-1.4899064,-1.1755403
2019-10-30 21:08:35,25311,0.2045099,-1.4312634,-1.2549527
2019-10-30 21:08:35,25321,0.012698377,-1.3237512,-1.3221478
2019-10-30 21:08:35,25332,-0.17666969,-1.1918044,-1.3734604
2019-10-30 21:08:35,25341,-0.35015523,-1.0623012,-1.4101124
2019-10-30 21:08:35,25351,-0.48698893,-0.940128,-1.434547
2019-10-30 21:08:35,25361,-0.58106214,-0.8301724,-1.4369904
2019-10-30 21:08:35,25371,-0.6421486,-0.7251037,-1.3917865
2019-10-30 21:08:35,25381,-0.6397052,-0.70799947,-1.344139
2019-10-30 21:08:35,25392,-0.61893576,-0.7275471,-1.2940481
2019-10-30 21:08:35,25401,-0.5957229,-0.7678642,-1.2378485
2019-10-30 21:08:35,25411,-0.58472735,-0.7971857,-1.2109704
2019-10-30 21:08:35,25421,-0.56884485,-0.8888154,-1.144997
2019-10-30 21:08:35,25431,-0.5749535,-0.91202825,-1.0936844
2019-10-30 21:08:35,25442,-0.5883925,-0.91202825,-1.0570326
2019-10-30 21:08:35,25451,-0.6128271,-0.88637197,-1.0216024
2019-10-30 21:08:35,25461,-0.62748784,-0.8509418,-0.98372877
2019-10-30 21:08:35,25472,-0.6421486,-0.8460549,-0.9348596
2019-10-30 21:08:35,25481,-0.64825726,-0.85338527,-0.9140902
2019-10-30 21:08:35,25491,-0.6372617,-0.9071414,-0.8310126
2019-10-30 21:08:35,25501,-0.6164923,-0.94868016,-0.7528219
2019-10-30 21:08:35,25511,-0.58228385,-0.96456265,-0.67585295
2019-10-30 21:08:35,25522,-0.5248626,-0.9535671,-0.6025492
2019-10-30 21:08:35,25531,-0.4601109,-0.926689,-0.521915
2019-10-30 21:08:35,25541,-0.37947676,-0.90225446,-0.4412809
2019-10-30 21:08:35,25551,-0.31839028,-0.8790416,-0.36675537
2019-10-30 21:08:35,25561,-0.28784704,-0.85338527,-0.30200374
2019-10-30 21:08:35,25572,-0.274408,-0.74953824,-0.24091727
2019-10-30 21:08:35,25581,-0.28784704,-0.67256933,-0.22381306
2019-10-30 21:08:35,25591,-0.364816,-0.5100793,-0.20060019
2019-10-30 21:08:35,25601,-0.47110647,-0.34392413,-0.18960464
2019-10-30 21:08:35,25611,-0.51508874,-0.1557778,-0.21037403
2019-10-30 21:08:35,25621,-0.5260843,-0.042156965,-0.23603036
2019-10-30 21:08:35,25631,-0.50287145,-0.0091702705,-0.2592432
2019-10-30 21:08:35,25642,-0.47477165,-0.0519308,-0.2629084
2019-10-30 21:08:35,25651,-0.41246346,-0.14966916,-0.27756912
2019-10-30 21:08:35,25661,-0.36237255,-0.27306384,-0.27512568
2019-10-30 21:08:35,25671,-0.28540358,-0.3255982,-0.27512568
2019-10-30 21:08:35,25681,-0.16323067,-0.19609487,-0.2800126
2019-10-30 21:08:35,25691,-0.045944635,0.025038155,-0.2763474
2019-10-30 21:08:36,25702,0.109215,0.27915788,-0.255578
2019-10-30 21:08:36,25711,0.2741485,0.47096938,-0.19204809
2019-10-30 21:08:36,25721,0.4231995,0.5613774,-0.09186627
2019-10-30 21:08:36,25731,0.52948993,0.56992954,0.025419753
2019-10-30 21:08:36,25741,0.5746939,0.5687078,0.1439275
2019-10-30 21:08:36,25752,0.524603,0.53816456,0.18424457
2019-10-30 21:08:36,25761,0.39387798,0.46852595,0.12193638
2019-10-30 21:08:36,25771,0.12021056,0.314588,-0.013675589
2019-10-30 21:08:36,25781,0.0017028118,0.25716674,-0.053992663
2019-10-30 21:08:36,25791,-0.44178495,0.09956365,-0.16883524
2019-10-30 21:08:36,25802,-0.7655433,-0.029939672,-0.26535183
2019-10-30 21:08:36,25811,-1.0123327,-0.172882,-0.345986
2019-10-30 21:08:36,25823,-1.1601619,-0.38179776,-0.40218556
2019-10-30 21:08:36,25831,-1.2444612,-0.70311254,-0.48281968
2019-10-30 21:08:36,25842,-1.2041441,-0.9523454,-0.62576205
2019-10-30 21:08:36,25851,-1.0905234,-1.0879574,-0.79069555
2019-10-30 21:08:36,25861,-0.90482044,-1.1637046,-0.9446334
2019-10-30 21:08:36,25872,-0.6922395,-1.1185007,-1.0826888
2019-10-30 21:08:36,25881,-0.48454547,-0.8888154,-1.208527
2019-10-30 21:08:36,25891,-0.14001781,-0.41600618,-1.2940481
2019-10-30 21:08:36,25901,0.11532365,-0.09713479,-1.1926445
2019-10-30 21:08:36,25912,0.3694434,0.15454148,-0.9910592
2019-10-30 21:08:36,25921,0.59301984,0.31092283,-0.73816115
2019-10-30 21:08:36,25931,0.7445143,0.30847937,-0.48281968
2019-10-30 21:08:36,25941,0.8593569,0.1472111,-0.3117776
2019-10-30 21:08:36,25951,0.92044336,-0.060482908,-0.20304365
2019-10-30 21:08:36,25962,0.939991,-0.3708022,-0.23725209
2019-10-30 21:08:36,25971,0.93266064,-0.5687223,-0.345986
2019-10-30 21:08:36,25981,0.87035245,-0.8472766,-0.61110127
2019-10-30 21:08:36,25991,0.7481795,-1.0549707,-0.9067598
2019-10-30 21:08:36,26001,0.6162327,-1.1417135,-1.1144538
2019-10-30 21:08:36,26011,0.4684035,-1.1404918,-1.2732786
2019-10-30 21:08:36,26022,0.33401325,-1.072075,-1.3685735
2019-10-30 21:08:36,26031,0.22650102,-0.9670061,-1.4137776
2019-10-30 21:08:36,26041,0.14708862,-0.8509418,-1.42966
2019-10-30 21:08:36,26051,0.07867176,-0.7275471,-1.4259949
2019-10-30 21:08:36,26061,0.0261374,-0.6298088,-1.4223297
2019-10-30 21:08:36,26071,-0.0019623765,-0.5601702,-1.4235513
2019-10-30 21:08:36,26082,0.024915673,-0.54306597,-1.4455425
2019-10-30 21:08:36,26091,0.07378484,-0.5846048,-1.4540946
2019-10-30 21:08:36,26101,0.12754095,-0.66157377,-1.4418774
2019-10-30 21:08:36,26111,0.1886274,-0.75198174,-1.4064472
2019-10-30 21:08:36,26121,0.25215736,-0.8472766,-1.3514693
2019-10-30 21:08:36,26131,0.30957866,-0.9205804,-1.2745004
2019-10-30 21:08:36,26142,0.36699995,-0.9523454,-1.1853142
2019-10-30 21:08:36,26151,0.4403037,-0.9376846,-1.0985713
2019-10-30 21:08:36,26161,0.51849437,-0.8875937,-1.0203806
2019-10-30 21:08:36,26171,0.61134577,-0.8240638,-0.9544073
2019-10-30 21:08:36,26181,0.6541063,-0.8130682,-0.94219
2019-10-30 21:08:36,26192,0.6858713,-0.84483314,-0.9446334
2019-10-30 21:08:36,26201,0.700532,-0.89736754,-0.96295935
2019-10-30 21:08:36,26211,0.71274936,-0.96211916,-0.9849505
2019-10-30 21:08:36,26221,0.72252315,-1.0280927,-0.9971678
2019-10-30 21:08:36,26231,0.7164145,-1.0794053,-1.000833
2019-10-30 21:08:36,26241,0.68831474,-1.0965096,-0.9983895
2019-10-30 21:08:36,26252,0.6394456,-1.0928444,-0.9898374
2019-10-30 21:08:36,26261,0.5710287,-1.0842923,-0.99228084
2019-10-30 21:08:36,26271,0.48917288,-1.0574142,-0.99961126
2019-10-30 21:08:36,26281,0.3865476,-0.9828886,-1.0240458
2019-10-30 21:08:36,26291,0.28147888,-0.86804605,-1.0606977
2019-10-30 21:08:36,26301,0.1715232,-0.6554651,-1.1315581
2019-10-30 21:08:36,26312,0.14708862,-0.56261367,-1.1914228
2019-10-30 21:08:36,26321,0.14342342,-0.53817904,-1.2256312
2019-10-30 21:08:36,26331,0.14097996,-0.5198531,-1.2842742
2019-10-30 21:08:36,26341,0.1385365,-0.48808822,-1.3368086
2019-10-30 21:08:36,26352,0.13975823,-0.48075783,-1.3551345
2019-10-30 21:08:36,26361,0.15564072,-0.4746492,-1.3600215
2019-10-30 21:08:36,26371,0.17030147,-0.47342747,-1.3490258
2019-10-30 21:08:36,26381,0.17763184,-0.4954186,-1.3282565
2019-10-30 21:08:36,26391,0.1593059,-0.5638354,-1.2952697
2019-10-30 21:08:36,26402,0.14708862,-0.5809396,-1.285496
2019-10-30 21:08:36,26411,0.118988834,-0.60781765,-1.2549527
2019-10-30 21:08:36,26421,0.07256311,-0.59560037,-1.1877576
2019-10-30 21:08:36,26431,0.07134138,-0.5051924,-1.1486622
2019-10-30 21:08:36,26441,0.07867176,-0.3793543,-1.0961279
2019-10-30 21:08:36,26451,0.07989349,-0.28772458,-1.0325979
2019-10-30 21:08:36,26462,0.07134138,-0.28039423,-0.955629
2019-10-30 21:08:36,26471,0.062789276,-0.34025896,-0.8774383
2019-10-30 21:08:36,26481,0.016363565,-0.5345139,-0.78458685
2019-10-30 21:08:36,26491,-0.08015306,-0.67256933,-0.7625957
2019-10-30 21:08:36,26501,-0.23164752,-0.75320345,-0.78703034
2019-10-30 21:08:36,26512,-0.38925058,-0.76664245,-0.83589953
2019-10-30 21:08:36,26521,-0.51631045,-0.72266024,-0.8896556
2019-10-30 21:08:36,26531,-0.5932794,-0.601709,-0.9214206
2019-10-30 21:08:36,26541,-0.6250444,-0.3964585,-0.910425
2019-10-30 21:08:36,26551,-0.5761752,-0.17166029,-0.91286844
2019-10-30 21:08:36,26562,-0.31716856,0.0726856,-0.91531193
2019-10-30 21:08:36,26571,-0.21820849,0.13255034,-0.91286844
2019-10-30 21:08:36,26581,-0.030062154,0.18630645,-0.8908773
2019-10-30 21:08:36,26591,0.17885357,0.11055921,-0.77481306
2019-10-30 21:08:36,26601,0.2570443,-0.045822155,-0.6868485
2019-10-30 21:08:36,26611,0.28392234,-0.14844742,-0.65508354
2019-10-30 21:08:36,26622,0.36699995,-0.44288424,-0.6208751
2019-10-30 21:08:36,26631,0.42075604,-0.5687223,-0.65508354
2019-10-30 21:08:36,26641,0.44885582,-0.6004873,-0.702731
2019-10-30 21:08:36,26652,0.43052986,-0.57483095,-0.7687044
2019-10-30 21:08:36,26661,0.4354168,-0.5516181,-0.8114649
2019-10-30 21:08:36,26672,0.48428598,-0.50763583,-0.8737731
2019-10-30 21:08:36,26681,0.5588114,-0.46487537,-0.9055381
2019-10-30 21:08:36,26692,0.6565498,-0.40012372,-0.8884339
2019-10-30 21:08:36,26701,0.72130144,-0.35125452,-0.8285691
2019-10-30 21:08:37,26711,0.7628403,-0.2999419,-0.73816115
2019-10-30 21:08:37,26721,0.76772714,-0.26329002,-0.6330924
2019-10-30 21:08:37,26732,0.7567316,-0.26084656,-0.5255802
2019-10-30 21:08:37,26741,0.72252315,-0.29749843,-0.41195935
2019-10-30 21:08:37,26751,0.66265845,-0.3463676,-0.30200374
2019-10-30 21:08:37,26761,0.5869112,-0.34758934,-0.19815674
2019-10-30 21:08:37,26771,0.48184252,-0.2913898,-0.093088
2019-10-30 21:08:37,26782,0.3230177,-0.14600396,0.02664148
2019-10-30 21:08:37,26791,0.15319726,0.060468312,0.10361044
2019-10-30 21:08:37,26801,0.016363565,0.23517562,0.14881442
2019-10-30 21:08:37,26811,-0.108252846,0.40621772,0.16103172
2019-10-30 21:08:37,26821,-0.30128607,0.5149517,0.12682329
2019-10-30 21:08:37,26832,-0.40879825,0.56626433,0.03275013
2019-10-30 21:08:37,26841,-0.45766744,0.5467167,-0.06743169
2019-10-30 21:08:37,26851,-0.5712883,0.4343175,-0.14440064
2019-10-30 21:08:37,26861,-0.6665832,0.30847937,-0.21403922
2019-10-30 21:08:37,26871,-0.6751353,0.1264417,-0.29467332
2019-10-30 21:08:37,26881,-0.6384834,0.015264318,-0.2958951
2019-10-30 21:08:37,26892,-0.59816635,-0.0067268116,-0.27146047
2019-10-30 21:08:37,26901,-0.5700666,0.025038155,-0.26657355
2019-10-30 21:08:37,26911,-0.51508874,0.18264125,-0.27756912
2019-10-30 21:08:37,26921,-0.5102018,0.28404477,-0.2592432
2019-10-30 21:08:37,26931,-0.47599337,0.2974838,-0.27146047
2019-10-30 21:08:37,26942,-0.4442284,0.17042397,-0.29833853
2019-10-30 21:08:37,26951,-0.33793795,-0.026274482,-0.2629084
2019-10-30 21:08:37,26961,-0.25852552,-0.28894633,-0.3093341
2019-10-30 21:08:37,26971,-0.17911315,-0.5027489,-0.38141614
2019-10-30 21:08:37,26981,-0.12413533,-0.5809396,-0.404629
2019-10-30 21:08:37,26992,-0.09114863,-0.5332922,-0.39607692
2019-10-30 21:08:37,27001,-0.08381826,-0.44654942,-0.37775093
2019-10-30 21:08:37,27011,-0.1106963,-0.36591527,-0.35698158
2019-10-30 21:08:37,27021,-0.16078721,-0.26329002,-0.29711682
2019-10-30 21:08:37,27031,-0.19621736,-0.16066472,-0.22503479
2019-10-30 21:08:37,27041,-0.21087812,-0.08858269,-0.16394831
2019-10-30 21:08:37,27052,-0.20110428,-0.039713506,-0.1053053
2019-10-30 21:08:37,27062,-0.15467857,-0.014057187,-0.05277093
2019-10-30 21:08:37,27071,-0.082596526,-0.038491774,-0.005123483
2019-10-30 21:08:37,27081,0.04812853,-0.15944299,0.05474126
2019-10-30 21:08:37,27091,0.14097996,-0.24985099,0.09505834
2019-10-30 21:08:37,27101,0.22039238,-0.30605054,0.14270577
2019-10-30 21:08:37,27112,0.25948775,-0.2962767,0.1891315
2019-10-30 21:08:37,27121,0.21917064,-0.23274675,0.22333992
2019-10-30 21:08:37,27131,0.09211078,-0.1643299,0.23555721
2019-10-30 21:08:37,27141,-0.08748344,-0.17776893,0.25021797
2019-10-30 21:08:37,27151,-0.26341245,-0.3011636,0.2587701
2019-10-30 21:08:37,27162,-0.40391135,-0.5332922,0.23677894
2019-10-30 21:08:37,27171,-0.4271242,-0.85338527,0.21112263
2019-10-30 21:08:37,27181,-0.5773969,-1.189361,0.14637096
2019-10-30 21:08:37,27191,-0.91825944,-1.4251548,-0.050327472
2019-10-30 21:08:37,27201,-1.1357273,-1.2626648,-0.22259133
2019-10-30 21:08:37,27212,-1.3018825,-0.93157595,-0.41928977
2019-10-30 21:08:37,27221,-1.416725,-0.4832013,-0.60987955
2019-10-30 21:08:37,27231,-1.4460466,0.010377401,-0.7992476
2019-10-30 21:08:37,27241,-1.3702993,0.44531307,-0.93608135
2019-10-30 21:08:37,27251,-1.2359091,0.71898055,-0.9898374
2019-10-30 21:08:37,27262,-1.0294368,0.8301579,-0.93608135
2019-10-30 21:08:37,27271,-0.766765,0.7556324,-0.83345604
2019-10-30 21:08:37,27281,-0.44545013,0.5100648,-0.6990658
2019-10-30 21:08:37,27291,-0.09114863,0.17042397,-0.55368
2019-10-30 21:08:37,27301,0.45007753,-0.35125452,-0.33254695
2019-10-30 21:08:37,27312,0.6993103,-0.5992655,-0.24824765
2019-10-30 21:08:37,27321,0.7982704,-0.6823431,-0.18349598
2019-10-30 21:08:37,27331,0.849583,-0.6175915,-0.1590614
2019-10-30 21:08:37,27341,0.8349223,-0.5345139,-0.18471771
2019-10-30 21:08:37,27351,0.7506229,-0.45876673,-0.24091727
2019-10-30 21:08:37,27362,0.6186762,-0.36469355,-0.28856468
2019-10-30 21:08:37,27371,0.48306423,-0.27184212,-0.3252166
2019-10-30 21:08:37,27381,0.3230177,-0.218086,-0.404629
2019-10-30 21:08:37,27391,0.2912527,-0.20709044,-0.43395048
2019-10-30 21:08:37,27402,0.2998048,-0.23519021,-0.4388374
2019-10-30 21:08:37,27411,0.31080037,-0.26939866,-0.43395048
2019-10-30 21:08:37,27421,0.2949179,-0.44288424,-0.2763474
2019-10-30 21:08:37,27431,0.2827006,-0.45143634,-0.14806584
2019-10-30 21:08:37,27441,0.290031,-0.36469355,-0.10652703
2019-10-30 21:08:37,27451,0.25093564,-0.25351617,-0.13584854
2019-10-30 21:08:37,27462,0.13364959,-0.13867359,-0.19571328
2019-10-30 21:08:37,27471,0.07867176,-0.081252314,-0.21770442
2019-10-30 21:08:37,27481,-0.037392527,0.018929506,-0.26535183
2019-10-30 21:08:37,27491,-0.1314657,0.044585828,-0.3129993
2019-10-30 21:08:37,27502,-0.20965639,-0.025052754,-0.3582033
2019-10-30 21:08:37,27511,-0.19377391,-0.10813036,-0.359425
2019-10-30 21:08:37,27521,-0.12780051,-0.218086,-0.34109908
2019-10-30 21:08:37,27531,-0.023953505,-0.33170685,-0.3056689
2019-10-30 21:08:37,27541,0.08966733,-0.41844964,-0.255578
2019-10-30 21:08:37,27551,0.2008447,-0.48075783,-0.20793058
2019-10-30 21:08:37,27562,0.29736137,-0.5174097,-0.1505093
2019-10-30 21:08:37,27571,0.3242394,-0.5320704,-0.10774876
2019-10-30 21:08:37,27582,0.31690904,-0.5357356,-0.042997096
2019-10-30 21:08:37,27591,0.30102655,-0.52596176,-0.03200153
2019-10-30 21:08:37,27601,0.2252793,-0.4282235,-0.024671156
2019-10-30 21:08:37,27611,0.15319726,-0.34392413,-0.055214386
2019-10-30 21:08:37,27621,0.06523274,-0.27062038,-0.10774876
2019-10-30 21:08:37,27632,-0.03250561,-0.20220351,-0.15539621
2019-10-30 21:08:37,27641,-0.1351309,-0.12767802,-0.18227425
2019-10-30 21:08:37,27651,-0.21332158,-0.058039445,-0.19326982
2019-10-30 21:08:37,27661,-0.2658559,0.009155671,-0.19937846
2019-10-30 21:08:37,27671,-0.30006433,0.08001598,-0.18471771
2019-10-30 21:08:37,27681,-0.30495125,0.14354591,-0.15417448
2019-10-30 21:08:37,27691,-0.28784704,0.16675878,-0.12240951
2019-10-30 21:08:37,27701,-0.19743909,0.09834192,-0.053992663
2019-10-30 21:08:38,27711,-0.13024397,0.006712212,0.00953727
2019-10-30 21:08:38,27721,-0.063048854,-0.073921934,0.079175845
2019-10-30 21:08:38,27732,0.009033188,-0.09713479,0.1439275
2019-10-30 21:08:38,27741,0.042019885,-0.047043882,0.20745744
2019-10-30 21:08:38,27751,-0.016623128,0.034811992,0.27587432
2019-10-30 21:08:38,27761,-0.15834375,0.11666786,0.34429115
2019-10-30 21:08:38,27772,-0.34160313,0.18874991,0.39071685
2019-10-30 21:08:38,27781,-0.6726918,0.2596102,0.41026455
2019-10-30 21:08:38,27791,-0.85595125,0.3378009,0.4041559
2019-10-30 21:08:38,27801,-0.98545456,0.4379827,0.37361264
2019-10-30 21:08:38,27811,-1.0575366,0.52350384,0.32230002
2019-10-30 21:08:38,27822,-1.0734191,0.5943641,0.26610047
2019-10-30 21:08:38,27831,-1.0392107,0.67011136,0.21600954
2019-10-30 21:08:38,27841,-0.9500244,0.7434151,0.18790977
2019-10-30 21:08:38,27851,-0.82662976,0.8203841,0.19646187
2019-10-30 21:08:38,27861,-0.6739136,0.90834856,0.23433548
2019-10-30 21:08:38,27872,-0.4894324,1.0036434,0.29664367
2019-10-30 21:08:38,27881,-0.28418186,1.0708385,0.3711692
2019-10-30 21:08:38,27891,0.06645447,1.0561777,0.4664641
2019-10-30 21:08:38,27901,0.290031,0.9327832,0.51899844
2019-10-30 21:08:38,27911,0.4867294,0.72020227,0.575198
2019-10-30 21:08:38,27921,0.65899324,0.44409135,0.61673677
2019-10-30 21:08:38,27931,0.8031573,0.15820667,0.6362845
2019-10-30 21:08:38,27941,0.9216651,-0.086139224,0.6423931
2019-10-30 21:08:38,27951,1.0255121,-0.22297291,0.63261926
2019-10-30 21:08:38,27961,1.0902637,-0.24618578,0.6094064
2019-10-30 21:08:38,27971,1.0975941,-0.1765472,0.5666459
2019-10-30 21:08:38,27982,1.0194035,0.0030470241,0.49456382
2019-10-30 21:08:38,27991,0.9216651,0.11666786,0.44569468
2019-10-30 21:08:38,28001,0.7994921,0.20829758,0.39804727
2019-10-30 21:08:38,28011,0.6699888,0.27793613,0.34673458
2019-10-30 21:08:38,28021,0.5453724,0.31947494,0.29786545
2019-10-30 21:08:38,28032,0.4403037,0.32558358,0.25388318
2019-10-30 21:08:38,28041,0.36333475,0.31580976,0.22822684
2019-10-30 21:08:38,28051,0.3083569,0.31825322,0.22944857
2019-10-30 21:08:38,28061,0.26437467,0.3304705,0.2551049
2019-10-30 21:08:38,28071,0.19107087,0.3475747,0.27465254
2019-10-30 21:08:38,28082,0.16541456,0.36712238,0.27709603
2019-10-30 21:08:38,28091,0.10799327,0.44409135,0.29908717
2019-10-30 21:08:38,28101,0.068897925,0.50517786,0.32474345
2019-10-30 21:08:38,28111,0.011476647,0.572373,0.3503998
2019-10-30 21:08:38,28121,0.013920106,0.5650426,0.34795636
2019-10-30 21:08:38,28131,0.02858086,0.54060805,0.35528672
2019-10-30 21:08:38,28142,0.050571993,0.4929605,0.35650843
2019-10-30 21:08:38,28151,0.067676194,0.4294306,0.34917808
2019-10-30 21:08:38,28161,0.09088905,0.36101374,0.33940423
2019-10-30 21:08:38,28171,0.12265402,0.24739291,0.32596523
2019-10-30 21:08:38,28182,0.13609305,0.18386298,0.31496966
2019-10-30 21:08:38,28191,0.1299844,0.093455,0.32963037
2019-10-30 21:08:38,28201,0.0969977,0.040920638,0.35773015
2019-10-30 21:08:38,28211,0.033467777,0.006712212,0.39071685
2019-10-30 21:08:38,28222,-0.042279445,-0.022609295,0.42248183
2019-10-30 21:08:38,28231,-0.10458766,-0.02871794,0.45424682
2019-10-30 21:08:38,28241,-0.1314657,-0.016500646,0.47012925
2019-10-30 21:08:38,28251,-0.12047014,-0.0018398936,0.47379446
2019-10-30 21:08:38,28261,-0.09114863,0.016486049,0.47745967
2019-10-30 21:08:38,28272,-0.05205328,0.049472746,0.4823466
2019-10-30 21:08:38,28281,-0.0361708,0.053137932,0.4835683
2019-10-30 21:08:38,28292,0.038354695,0.03847718,0.46890754
2019-10-30 21:08:38,28301,0.07989349,0.055581387,0.4627989
2019-10-30 21:08:38,28312,0.13242786,0.12155477,0.46157718
2019-10-30 21:08:38,28321,0.15441899,0.17897607,0.47745967
2019-10-30 21:08:38,28331,0.1593059,0.23273216,0.48967695
2019-10-30 21:08:38,28341,0.16419283,0.26938403,0.50678116
2019-10-30 21:08:38,28351,0.17274493,0.26571885,0.5422113
2019-10-30 21:08:38,28362,0.20695335,0.16553704,0.6228455
2019-10-30 21:08:38,28371,0.23871832,0.10567229,0.66071904
2019-10-30 21:08:38,28381,0.31324384,-6.181642E-4,0.71325344
2019-10-30 21:08:38,28391,0.36699995,-0.034826588,0.7389097
2019-10-30 21:08:38,28401,0.4146474,0.006712212,0.74257493
2019-10-30 21:08:38,28412,0.44885582,0.08001598,0.72791415
2019-10-30 21:08:38,28421,0.45618618,0.13377208,0.71080995
2019-10-30 21:08:38,28431,0.42686468,0.138659,0.7022579
2019-10-30 21:08:38,28441,0.3572261,0.05680312,0.69859266
2019-10-30 21:08:38,28451,0.2570443,-0.12156938,0.6766015
2019-10-30 21:08:38,28462,0.13609305,-0.2926115,0.63261926
2019-10-30 21:08:38,28471,-0.010514483,-0.3622501,0.55565035
2019-10-30 21:08:38,28481,-0.16689585,-0.30238536,0.44569468
2019-10-30 21:08:38,28491,-0.35748562,-0.044600423,0.25999182
2019-10-30 21:08:38,28502,-0.47477165,0.17408915,0.1475927
2019-10-30 21:08:38,28511,-0.57251,0.4465348,0.0645151
2019-10-30 21:08:38,28521,-0.61527056,0.73241955,0.005872082
2019-10-30 21:08:38,28531,-0.6030533,0.94500047,-0.055214386
2019-10-30 21:08:38,28541,-0.5383016,1.0341866,-0.1053053
2019-10-30 21:08:38,28552,-0.4356763,0.99509144,-0.11996606
2019-10-30 21:08:38,28561,-0.3367162,0.87780535,-0.10774876
2019-10-30 21:08:38,28571,-0.2731863,0.69943285,-0.063766494
2019-10-30 21:08:38,28581,-0.23042579,0.346353,0.062071636
2019-10-30 21:08:38,28591,-0.17666969,0.11300267,0.14270577
2019-10-30 21:08:38,28601,-0.09237036,-0.075143665,0.20257051
2019-10-30 21:08:38,28612,0.031024318,-0.17043856,0.23311375
2019-10-30 21:08:38,28621,0.13975823,-0.20831217,0.24044412
2019-10-30 21:08:38,28631,0.20206644,-0.20464697,0.23677894
2019-10-30 21:08:38,28641,0.22772275,-0.15944299,0.22333992
2019-10-30 21:08:38,28651,0.20817508,-0.10446517,0.19646187
2019-10-30 21:08:38,28662,0.14708862,-0.059261177,0.14148405
2019-10-30 21:08:38,28671,0.109215,-0.044600423,0.093836606
2019-10-30 21:08:38,28681,0.08233695,-0.029939672,0.036415316
2019-10-30 21:08:38,28692,0.020028755,-0.007948541,-0.047884014
2019-10-30 21:08:38,28701,-0.026396964,0.014042589,-0.09553146
2019-10-30 21:08:39,28711,-0.044722907,0.023816423,-0.13584854
2019-10-30 21:08:39,28721,-0.03983599,0.0018252947,-0.1505093
2019-10-30 21:08:39,28731,-0.025175236,-0.040935233,-0.15173101
2019-10-30 21:08:39,28741,0.0029245412,-0.07025675,-0.14562237
2019-10-30 21:08:39,28752,0.0261374,-0.0641481,-0.12485297
2019-10-30 21:08:39,28761,0.03224605,-0.047043882,-0.09430973
2019-10-30 21:08:39,28771,0.011476647,-0.067813285,-0.06987515
2019-10-30 21:08:39,28781,-0.037392527,-0.12767802,-0.041775364
2019-10-30 21:08:39,28791,-0.10458766,-0.19487314,-0.010010401
2019-10-30 21:08:39,28802,-0.18888699,-0.2510727,0.022976294
2019-10-30 21:08:39,28811,-0.2438648,-0.2926115,0.019311106
2019-10-30 21:08:39,28821,-0.24019963,-0.34025896,0.024198024
2019-10-30 21:08:39,28831,-0.20843466,-0.37813258,0.03397186
2019-10-30 21:08:39,28841,-0.16200894,-0.41111928,0.042523965
2019-10-30 21:08:39,28852,-0.16078721,-0.4367756,0.04863261
2019-10-30 21:08:39,28861,-0.12902224,-0.40623236,0.042523965
2019-10-30 21:08:39,28871,-0.16200894,-0.36591527,0.03885878
2019-10-30 21:08:39,28881,-0.20232601,-0.28528112,0.049854342
2019-10-30 21:08:39,28891,-0.23775616,-0.20464697,0.0730672
2019-10-30 21:08:39,28901,-0.25852552,-0.1643299,0.10116698
2019-10-30 21:08:39,28912,-0.27562976,-0.12279111,0.14026232
2019-10-30 21:08:39,28921,-0.27685148,-0.08247404,0.17080556
2019-10-30 21:08:39,28931,-0.27562976,-0.07025675,0.18668804
2019-10-30 21:08:39,28941,-0.28418186,-0.099578254,0.1854663
2019-10-30 21:08:39,28951,-0.26829937,-0.19487314,0.18180111
2019-10-30 21:08:39,28962,-0.22187369,-0.24007712,0.17935766
2019-10-30 21:08:39,28971,-0.17056105,-0.23641194,0.19035323
2019-10-30 21:08:39,28981,-0.14246127,-0.1557778,0.20379224
2019-10-30 21:08:39,28991,-0.14490473,-0.034826588,0.22333992
2019-10-30 21:08:39,29001,-0.18033488,0.10567229,0.2551049
2019-10-30 21:08:39,29012,-0.24142136,0.27060577,0.28686988
2019-10-30 21:08:39,29021,-0.28784704,0.45386517,0.31985658
2019-10-30 21:08:39,29031,-0.28906876,0.62124217,0.34795636
2019-10-30 21:08:39,29041,-0.28418186,0.72875434,0.39560378
2019-10-30 21:08:39,29051,-0.23164752,0.7727366,0.4823466
2019-10-30 21:08:39,29061,-0.15834375,0.6640027,0.5336592
2019-10-30 21:08:39,29071,-0.09114863,0.42820886,0.5800849
2019-10-30 21:08:39,29081,-0.048388094,0.14110245,0.6130716
2019-10-30 21:08:39,29091,0.00658973,-0.022609295,0.61429334
2019-10-30 21:08:39,29101,0.08233695,-0.047043882,0.61429334
2019-10-30 21:08:39,29112,0.17274493,0.034811992,0.5898588
2019-10-30 21:08:39,29121,0.24482697,0.25227985,0.5788632
2019-10-30 21:08:39,29131,0.2533791,0.5919207,0.58619356
2019-10-30 21:08:39,29141,0.22894448,0.9657699,0.56786764
2019-10-30 21:08:39,29151,0.14464515,1.4764527,0.49945074
2019-10-30 21:08:39,29161,0.08233695,1.7061378,0.4652424
2019-10-30 21:08:39,29171,0.018807024,1.7623373,0.44813818
2019-10-30 21:08:39,29182,-0.07282269,1.6291689,0.45669025
2019-10-30 21:08:39,29191,-0.14979164,1.3897098,0.46768582
2019-10-30 21:08:39,29201,-0.19988255,1.1209294,0.5214419
2019-10-30 21:08:39,29211,-0.22431713,0.87902707,0.606963
2019-10-30 21:08:39,29221,-0.24142136,0.74952376,0.69492745
2019-10-30 21:08:39,29232,-0.23042579,0.7580759,0.7486836
2019-10-30 21:08:39,29241,-0.043501176,0.84726214,0.66438425
2019-10-30 21:08:39,29251,0.07745003,0.8093885,0.6301758
2019-10-30 21:08:39,29261,0.1886274,0.74463683,0.5947457
2019-10-30 21:08:39,29271,0.2655964,0.65422887,0.53610265
2019-10-30 21:08:39,29282,0.3071352,0.51739514,0.48967695
2019-10-30 21:08:39,29291,0.33890015,0.37689623,0.44447297
2019-10-30 21:08:39,29301,0.36211303,0.255945,0.40782106
2019-10-30 21:08:39,29311,0.38410416,0.18752818,0.37605613
2019-10-30 21:08:39,29321,0.3865476,0.17042397,0.354065
2019-10-30 21:08:39,29332,0.3327915,0.2217366,0.36506057
2019-10-30 21:08:39,29341,0.2998048,0.24983637,0.36872572
2019-10-30 21:08:39,29351,0.23505312,0.30847937,0.37483436
2019-10-30 21:08:39,29361,0.15319726,0.37811795,0.36628228
2019-10-30 21:08:39,29371,0.12509748,0.4172133,0.36261708
2019-10-30 21:08:39,29381,0.1177671,0.4294306,0.3699475
2019-10-30 21:08:39,29392,0.13120613,0.40010908,0.39316034
2019-10-30 21:08:39,29401,0.14708862,0.3231401,0.4371426
2019-10-30 21:08:39,29411,0.15808417,0.21318449,0.49089867
2019-10-30 21:08:39,29422,0.14342342,0.08612462,0.5470982
2019-10-30 21:08:39,29431,0.08478041,-0.04948734,0.5837501
2019-10-30 21:08:39,29441,-0.006849294,-0.13378668,0.57275456
2019-10-30 21:08:39,29452,-0.07160096,-0.15089089,0.5409896
2019-10-30 21:08:39,29461,-0.07282269,-0.20098178,0.4799031
2019-10-30 21:08:39,29471,-0.19621736,-0.21075563,0.5446548
2019-10-30 21:08:39,29481,-0.29273397,-0.20098178,0.5214419
2019-10-30 21:08:39,29491,-0.37458983,-0.21442081,0.49089867
2019-10-30 21:08:39,29502,-0.41612864,-0.21686427,0.49089867
2019-10-30 21:08:39,29511,-0.42101556,-0.16677336,0.50311595
2019-10-30 21:08:39,29521,-0.39780268,-0.08247404,0.5287723
2019-10-30 21:08:39,29531,-0.35015523,0.018929506,0.5422113
2019-10-30 21:08:39,29541,-0.28662533,0.10445056,0.54954165
2019-10-30 21:08:39,29552,-0.15712202,0.12155477,0.5971891
2019-10-30 21:08:39,29561,-0.082596526,0.0812377,0.6387279
2019-10-30 21:08:39,29571,0.05179372,-0.036048315,0.7205838
2019-10-30 21:08:39,29581,0.14708862,-0.12645629,0.77556163
2019-10-30 21:08:39,29591,0.21184027,-0.1802124,0.81099176
2019-10-30 21:08:39,29602,0.24238351,-0.17166029,0.8171004
2019-10-30 21:08:39,29611,0.2533791,-0.13134322,0.80610484
2019-10-30 21:08:39,29621,0.23138794,-0.06659155,0.801218
2019-10-30 21:08:39,29631,0.20206644,0.005490483,0.77922684
2019-10-30 21:08:39,29641,0.19840124,0.076350786,0.6875971
2019-10-30 21:08:39,29652,0.19107087,0.12521997,0.6301758
2019-10-30 21:08:39,29661,0.16174936,0.10322884,0.60329777
2019-10-30 21:08:39,29671,0.13120613,-0.10813036,0.588637
2019-10-30 21:08:39,29681,0.011476647,-0.40012372,0.48601174
2019-10-30 21:08:39,29691,-0.12780051,-0.70311254,0.34795636
2019-10-30 21:08:39,29701,-0.26341245,-0.96456265,0.19646187
2019-10-30 21:08:40,29712,-0.42956766,-1.1136137,0.040080506
2019-10-30 21:08:40,29721,-0.6397052,-1.1221659,-0.08697936
2019-10-30 21:08:40,29731,-0.9622417,-0.96089745,-0.21403922
2019-10-30 21:08:40,29741,-1.0465411,-0.9034762,-0.23603036
2019-10-30 21:08:40,29751,-1.2261353,-0.63713914,-0.30200374
2019-10-30 21:08:40,29762,-1.2774479,-0.3634718,-0.34354252
2019-10-30 21:08:40,29771,-1.2664523,-0.14233877,-0.38630307
2019-10-30 21:08:40,29781,-1.1345056,0.17164569,-0.4840414
2019-10-30 21:08:40,29791,-0.96835035,0.3292488,-0.54268444
2019-10-30 21:08:40,29801,-0.785091,0.40010908,-0.56101036
2019-10-30 21:08:40,29812,-0.6238227,0.41843504,-0.5072543
2019-10-30 21:08:40,29821,-0.4649978,0.38911352,-0.404629
2019-10-30 21:08:40,29831,-0.22920406,0.26083192,-0.26535183
2019-10-30 21:08:40,29841,-0.10947457,0.11055921,-0.20915231
2019-10-30 21:08:40,29852,-0.016623128,-0.07636539,-0.17616561
2019-10-30 21:08:40,29861,0.04935026,-0.20464697,-0.17250042
2019-10-30 21:08:40,29871,0.13975823,-0.38424122,-0.19815674
2019-10-30 21:08:40,29881,0.17030147,-0.47220573,-0.30078202
2019-10-30 21:08:40,29891,0.15441899,-0.40623236,-0.43150705
2019-10-30 21:08:40,29902,0.094554245,-0.2681769,-0.56101036
2019-10-30 21:08:40,29911,0.0261374,-0.14233877,-0.6782964
2019-10-30 21:08:40,29921,-0.041057717,-0.042156965,-0.7809217
2019-10-30 21:08:40,29931,-0.119248405,0.018929506,-0.8774383
2019-10-30 21:08:40,29941,-0.23409098,-0.0311614,-0.8945425
2019-10-30 21:08:40,29952,-0.34893352,-0.13256495,-0.65630525
2019-10-30 21:08:40,29961,-0.40757653,-0.26206827,-0.46938068
2019-10-30 21:08:40,29971,-0.4515588,-0.19487314,-0.43028533
2019-10-30 21:08:40,29981,-0.48454547,-0.13745186,-0.5072543
2019-10-30 21:08:40,29991,-0.51508874,-0.15699953,-0.6049926
2019-10-30 21:08:40,30002,-0.5236409,-0.10324344,-0.684405
2019-10-30 21:08:40,30011,-0.53463644,-0.025052754,-0.7357177
2019-10-30 21:08:40,30021,-0.5419668,-0.05437426,-0.7968042
2019-10-30 21:08:40,30031,-0.48210204,-0.21564254,-0.865221
2019-10-30 21:08:40,30042,-0.4112417,-0.23396848,-0.83712125
2019-10-30 21:08:40,30051,-0.28418186,-0.22663811,-0.75893056
2019-10-30 21:08:40,30061,-0.07893134,-0.24252059,-0.6074361
2019-10-30 21:08:40,30071,0.027359132,-0.28772458,-0.5390192
2019-10-30 21:08:40,30081,0.11410192,-0.32071128,-0.4901501
2019-10-30 21:08:40,30092,0.20206644,-0.37568912,-0.47304583
2019-10-30 21:08:40,30101,0.28147888,-0.31582436,-0.44861126
2019-10-30 21:08:40,30111,0.30957866,-0.3463676,-0.38385957
2019-10-30 21:08:40,30121,0.26437467,-0.50885755,-0.33987737
2019-10-30 21:08:40,30132,0.24604869,-0.59071344,-0.28734297
2019-10-30 21:08:40,30141,0.29369617,-0.3378155,-0.22259133
2019-10-30 21:08:40,30152,0.2863658,-0.12401284,-0.19326982
2019-10-30 21:08:40,30161,0.25215736,-0.05437426,-0.21037403
2019-10-30 21:08:40,30171,0.16052763,-0.022609295,-0.26901704
2019-10-30 21:08:40,30181,0.081115216,0.017707778,-0.2922299
2019-10-30 21:08:40,30191,0.0017028118,0.06902041,-0.28245604
2019-10-30 21:08:40,30201,-0.05327501,0.16065012,-0.24946937
2019-10-30 21:08:40,30212,-0.1021442,0.27549267,-0.21281749
2019-10-30 21:08:40,30221,-0.14612645,0.39033526,-0.17983079
2019-10-30 21:08:40,30231,-0.16689585,0.46974766,-0.138292
2019-10-30 21:08:40,30241,-0.14490473,0.55404705,-0.05887958
2019-10-30 21:08:40,30251,-0.099700734,0.62002045,-0.0026800241
2019-10-30 21:08:40,30262,-0.06549232,0.6945459,0.051076073
2019-10-30 21:08:40,30271,-0.056940198,0.7519672,0.07795411
2019-10-30 21:08:40,30281,-0.07037923,0.82771444,0.10605389
2019-10-30 21:08:40,30291,-0.10336593,0.87902707,0.13415368
2019-10-30 21:08:40,30301,-0.1351309,0.9963131,0.19035323
2019-10-30 21:08:40,30311,-0.15712202,1.2125591,0.27831775
2019-10-30 21:08:40,30321,-0.18644352,1.4507964,0.4004907
2019-10-30 21:08:40,30331,-0.21454331,1.4935569,0.53488094
2019-10-30 21:08:40,30341,-0.19499564,1.289528,0.679045
2019-10-30 21:08:40,30352,-0.08381826,1.0989382,0.82198733
2019-10-30 21:08:40,30361,0.12876268,1.0036434,0.9478255
2019-10-30 21:08:40,30371,0.53193337,0.9669916,1.0919895
2019-10-30 21:08:40,30382,0.77505755,0.97676545,1.1677368
2019-10-30 21:08:40,30391,0.9558735,0.9963131,1.2337102
2019-10-30 21:08:40,30401,1.0609422,0.987761,1.2740272
2019-10-30 21:08:40,30411,1.1049244,1.0244128,1.2899097
2019-10-30 21:08:40,30421,1.070716,1.1685768,1.302127
2019-10-30 21:08:40,30432,0.95098656,1.4104793,1.3241181
2019-10-30 21:08:40,30441,0.70786244,1.7354593,1.3522179
2019-10-30 21:08:40,30451,0.41342565,2.1581779,1.3632135
2019-10-30 21:08:40,30461,0.20695335,2.5295835,1.3412224
2019-10-30 21:08:40,30472,0.07011966,2.8008075,1.2850229
2019-10-30 21:08:40,30481,0.06034583,2.8851068,1.2288233
2019-10-30 21:08:40,30491,0.18496223,2.7788165,1.166515
2019-10-30 21:08:40,30501,0.42442122,2.473384,1.076107
2019-10-30 21:08:40,30512,0.764062,1.9382664,1.008912
2019-10-30 21:08:40,30521,1.0646074,1.249211,0.9930295
2019-10-30 21:08:40,30531,1.2759666,0.6432333,0.92461264
2019-10-30 21:08:40,30541,1.4409001,0.23273216,0.77556163
2019-10-30 21:08:40,30552,1.5985032,-0.08369577,0.5287723
2019-10-30 21:08:40,30561,1.6156074,-0.14111705,0.4200384
2019-10-30 21:08:40,30571,1.5447471,-0.105686896,0.24166586
2019-10-30 21:08:40,30581,1.4140221,-6.181642E-4,0.08894968
2019-10-30 21:08:40,30591,1.2356496,0.15454148,-0.06254476
2019-10-30 21:08:40,30602,1.030399,0.3378009,-0.18838291
2019-10-30 21:08:40,30611,0.8153746,0.49051708,-0.27390397
2019-10-30 21:08:40,30621,0.601572,0.58703375,-0.31788623
2019-10-30 21:08:40,30631,0.4060953,0.6151335,-0.3386556
2019-10-30 21:08:40,30641,0.2338314,0.5650426,-0.3582033
2019-10-30 21:08:40,30652,0.04812853,0.346353,-0.4241767
2019-10-30 21:08:40,30661,-0.009292753,0.13988073,-0.51336294
2019-10-30 21:08:40,30671,-0.019066587,-0.087360956,-0.62209684
2019-10-30 21:08:40,30681,0.013920106,-0.31948957,-0.7198352
2019-10-30 21:08:40,30691,0.094554245,-0.53817904,-0.79069555
2019-10-30 21:08:40,30701,0.18740568,-0.7434296,-0.8420082
2019-10-30 21:08:41,30712,0.26070946,-0.8912589,-0.8811035
2019-10-30 21:08:41,30721,0.2741485,-1.0012146,-0.9189771
2019-10-30 21:08:41,30731,0.20939681,-1.1160572,-0.955629
2019-10-30 21:08:41,30741,0.09088905,-1.252891,-0.9727332
2019-10-30 21:08:41,30752,-0.043501176,-1.4263765,-0.96540284
2019-10-30 21:08:41,30761,-0.19988255,-1.7073742,-0.9311944
2019-10-30 21:08:41,30771,-0.27562976,-1.830769,-0.9079815
2019-10-30 21:08:41,30781,-0.364816,-1.8588687,-0.87988174
2019-10-30 21:08:41,30791,-0.49309757,-1.7941171,-0.8285691
2019-10-30 21:08:41,30801,-0.64703554,-1.6218532,-0.747935
2019-10-30 21:08:41,30812,-0.80952555,-1.3762856,-0.6501966
2019-10-30 21:08:41,30821,-0.96712863,-1.1466005,-0.5573452
2019-10-30 21:08:41,30831,-1.1051841,-0.9535671,-0.508476
2019-10-30 21:08:41,30841,-1.1882616,-0.8301724,-0.5329106
2019-10-30 21:08:41,30851,-1.1882616,-0.76664245,-0.61232305
2019-10-30 21:08:41,30862,-1.0221064,-0.7006691,-0.7662609
2019-10-30 21:08:41,30871,-0.79730827,-0.5675006,-0.9067598
2019-10-30 21:08:41,30881,-0.55174065,-0.62370014,-1.0484804
2019-10-30 21:08:41,30891,-0.41246346,-0.94868016,-1.0692499
2019-10-30 21:08:41,30901,-0.2817384,-1.2260128,-0.99594605
2019-10-30 21:08:41,30912,-0.10947457,-1.3188643,-0.89942944
2019-10-30 21:08:41,30921,0.068897925,-1.3530728,-0.80535626
2019-10-30 21:08:41,30931,0.21917064,-1.3604031,-0.7235004
2019-10-30 21:08:41,30942,0.32668287,-1.2870994,-0.6245403
2019-10-30 21:08:41,30951,0.3071352,-1.2052435,-0.5830015
2019-10-30 21:08:41,30961,0.20939681,-1.0244275,-0.50969774
2019-10-30 21:08:41,30971,0.13487132,-0.8106247,-0.4388374
2019-10-30 21:08:41,30982,0.11043672,-0.67379105,-0.39974207
2019-10-30 21:08:41,30991,0.08355868,-0.30360708,-0.30322546
2019-10-30 21:08:41,31001,0.05668064,-0.20831217,-0.26535183
2019-10-30 21:08:41,31011,0.035911236,-0.2058687,-0.2543563
2019-10-30 21:08:41,31022,-0.014179671,-0.3463676,-0.22869998
2019-10-30 21:08:41,31031,-0.044722907,-0.5797179,-0.22381306
2019-10-30 21:08:41,31041,-0.11558322,-1.0012146,-0.255578
2019-10-30 21:08:41,31051,-0.20721292,-1.4166026,-0.31055582
2019-10-30 21:08:41,31061,-0.274408,-1.6682789,-0.3264383
2019-10-30 21:08:41,31072,-0.2988426,-1.7525783,-0.32155138
2019-10-30 21:08:41,31081,-0.29395568,-1.767239,-0.26413012
2019-10-30 21:08:41,31091,-0.22065195,-1.5754275,-0.22869998
2019-10-30 21:08:41,31101,-0.14123954,-1.2785473,-0.22381306
2019-10-30 21:08:41,31111,-0.06671404,-0.926689,-0.24946937
2019-10-30 21:08:41,31121,-0.014179671,-0.57116574,-0.29467332
2019-10-30 21:08:41,31132,0.011476647,-0.26451173,-0.35331637
2019-10-30 21:08:41,31141,0.017585296,-0.043378692,-0.40951592
2019-10-30 21:08:41,31151,-0.023953505,0.082459435,-0.49259353
2019-10-30 21:08:41,31161,-0.07404442,0.047029283,-0.5720059
2019-10-30 21:08:41,31172,-0.13879608,-0.03238313,-0.67218775
2019-10-30 21:08:41,31181,-0.2059912,-0.09591306,-0.7809217
2019-10-30 21:08:41,31191,-0.2731863,-0.12889975,-0.8811035
2019-10-30 21:08:41,31201,-0.3525987,-0.13256495,-0.9715115
2019-10-30 21:08:41,31211,-0.4344546,-0.11790419,-1.0399283
2019-10-30 21:08:41,31221,-0.51875395,-0.08980442,-1.0802454
2019-10-30 21:08:41,31232,-0.60183156,-0.073921934,-1.0949061
2019-10-30 21:08:41,31241,-0.6690267,-0.09102615,-1.0900192
2019-10-30 21:08:41,31251,-0.71178716,-0.12401284,-1.0765802
2019-10-30 21:08:41,31261,-0.7166741,-0.1765472,-1.0313762
2019-10-30 21:08:41,31271,-0.6873526,-0.1973166,-0.9861722
2019-10-30 21:08:41,31282,-0.6287096,-0.2058687,-0.94219
2019-10-30 21:08:41,31291,-0.545632,-0.19609487,-0.89576423
2019-10-30 21:08:41,31301,-0.44056323,-0.18754277,-0.85300374
2019-10-30 21:08:41,31311,-0.3281641,-0.17166029,-0.82123876
2019-10-30 21:08:41,31321,-0.22187369,-0.1679951,-0.8102432
2019-10-30 21:08:41,31332,-0.12169187,-0.18754277,-0.8090215
2019-10-30 21:08:41,31341,-0.05327501,-0.23152502,-0.8139084
2019-10-30 21:08:41,31351,-0.016623128,-0.29383326,-0.82001704
2019-10-30 21:08:41,31361,4.810824E-4,-0.37446737,-0.82490396
2019-10-30 21:08:41,31371,-0.0056275646,-0.40012372,-0.81635183
2019-10-30 21:08:41,31382,-0.016623128,-0.40989754,-0.806578
2019-10-30 21:08:41,31391,-0.030062154,-0.40012372,-0.7955824
2019-10-30 21:08:41,31401,-0.047166362,-0.3549197,-0.7797
2019-10-30 21:08:41,31411,-0.054496743,-0.2584031,-0.75404364
2019-10-30 21:08:41,31421,-0.041057717,-0.11057382,-0.71250486
2019-10-30 21:08:41,31432,-0.019066587,0.060468312,-0.670966
2019-10-30 21:08:41,31441,-0.006849294,0.20341066,-0.6404228
2019-10-30 21:08:41,31451,-0.010514483,0.28404477,-0.6001057
2019-10-30 21:08:41,31461,-0.019066587,0.28770998,-0.5243585
2019-10-30 21:08:41,31471,-0.011736212,0.22540179,-0.47793275
2019-10-30 21:08:41,31481,-0.006849294,0.13132863,-0.43272877
2019-10-30 21:08:41,31492,-0.004405835,0.05924658,-0.37775093
2019-10-30 21:08:41,31501,-7.40647E-4,0.05924658,-0.30689067
2019-10-30 21:08:41,31511,-0.006849294,0.11788959,-0.24091727
2019-10-30 21:08:41,31521,-0.015401401,0.18630645,-0.20304365
2019-10-30 21:08:41,31532,-0.003184106,0.301149,-0.16517004
2019-10-30 21:08:41,31541,0.018807024,0.40255255,-0.138292
2019-10-30 21:08:41,31551,0.05301545,0.5125083,-0.0845359
2019-10-30 21:08:41,31561,0.0884456,0.6285725,0.03275013
2019-10-30 21:08:41,31571,0.08600214,0.70187634,0.12315811
2019-10-30 21:08:41,31582,0.023693942,0.71898055,0.1805794
2019-10-30 21:08:41,31591,-0.11802668,0.64934194,0.15980999
2019-10-30 21:08:41,31601,-0.32938585,0.48929533,0.06329337
2019-10-30 21:08:41,31611,-0.5749535,0.2681623,-0.07964899
2019-10-30 21:08:41,31621,-0.8021952,0.050694473,-0.24213901
2019-10-30 21:08:41,31632,-0.9805677,-0.086139224,-0.38019443
2019-10-30 21:08:41,31641,-1.0978537,-0.119125925,-0.44983298
2019-10-30 21:08:41,31651,-1.1076275,-0.04948734,-0.38508135
2019-10-30 21:08:41,31661,-0.95124614,0.07879425,-0.21770442
2019-10-30 21:08:41,31671,-0.68490916,0.25105813,0.016867647
2019-10-30 21:08:41,31682,-0.37214637,0.39766562,0.24777453
2019-10-30 21:08:41,31691,-0.06671404,0.41843504,0.40659934
2019-10-30 21:08:41,31701,0.20939681,0.27549267,0.47623795
2019-10-30 21:08:42,31711,0.47451213,-0.003061623,0.5141115
2019-10-30 21:08:42,31721,0.7274101,-0.34881106,0.53610265
2019-10-30 21:08:42,31732,0.9228868,-0.678678,0.5080029
2019-10-30 21:08:42,31741,0.9876385,-0.94379324,0.44447297
2019-10-30 21:08:42,31751,0.8618003,-1.0781837,0.37972128
2019-10-30 21:08:42,31762,0.60890234,-0.83383757,0.39071685
2019-10-30 21:08:42,31771,0.39998662,-0.44288424,0.44202948
2019-10-30 21:08:42,31781,0.23016621,-0.015278919,0.5214419
2019-10-30 21:08:42,31791,0.118988834,0.34024435,0.5739763
2019-10-30 21:08:42,31801,0.06034583,0.545495,0.56908935
2019-10-30 21:08:42,31811,0.06034583,0.56992954,0.52022016
2019-10-30 21:08:42,31822,0.13975823,0.47219113,0.45302504
2019-10-30 21:08:42,31831,0.28147888,0.3390226,0.39316034
2019-10-30 21:08:42,31841,0.44885582,0.21074103,0.34917808
2019-10-30 21:08:42,31851,0.6651019,0.11788959,0.31985658
2019-10-30 21:08:42,31861,0.7567316,0.19608028,0.3174131
2019-10-30 21:08:42,31871,0.77505755,0.3549051,0.31008273
2019-10-30 21:08:42,31882,0.69564515,0.5357211,0.31496966
2019-10-30 21:08:42,31891,0.524603,0.68355036,0.33573902
2019-10-30 21:08:42,31901,0.29369617,0.79961467,0.36139536
2019-10-30 21:08:42,31911,0.06645447,0.85703593,0.38827342
2019-10-30 21:08:42,31921,-0.1229136,0.86558807,0.39804727
2019-10-30 21:08:42,31932,-0.25852552,0.89002264,0.41026455
2019-10-30 21:08:42,31941,-0.35992908,0.87414014,0.43958604
2019-10-30 21:08:42,31952,-0.4601109,0.87902707,0.47745967
2019-10-30 21:08:42,31961,-0.5444102,0.9340049,0.5251071
2019-10-30 21:08:42,31971,-0.50287145,0.9840958,0.54831994
2019-10-30 21:08:42,31981,-0.30372953,0.8631446,0.4664641
2019-10-30 21:08:42,31991,-0.18155661,0.545495,0.37849957
2019-10-30 21:08:42,32002,-0.21454331,0.14598937,0.38827342
2019-10-30 21:08:42,32011,-0.319612,-0.24129885,0.3968255
2019-10-30 21:08:42,32021,-0.39535925,-0.556505,0.367504
2019-10-30 21:08:42,32031,-0.4478936,-0.7971857,0.32230002
2019-10-30 21:08:42,32041,-0.5089801,-0.8240638,0.20257051
2019-10-30 21:08:42,32051,-0.4979845,-0.7116647,0.08161931
2019-10-30 21:08:42,32061,-0.35382044,-0.70799947,-0.021005966
2019-10-30 21:08:42,32072,-0.12780051,-0.601709,-0.08697936
2019-10-30 21:08:42,32081,0.09821943,-0.5320704,-0.1468441
2019-10-30 21:08:42,32093,0.19717951,-0.55772674,-0.17250042
2019-10-30 21:08:42,32101,0.19717951,-0.55772674,-0.17250042
2019-10-30 21:08:42,32111,0.19717951,-0.55772674,-0.17250042
2019-10-30 21:08:42,32121,0.19717951,-0.55772674,-0.17250042
2019-10-30 21:08:42,32131,0.19717951,-0.55772674,-0.17250042
2019-10-30 21:08:42,32141,0.19717951,-0.55772674,-0.17250042
2019-10-30 21:08:42,32152,0.19717951,-0.55772674,-0.17250042
2019-10-30 21:08:42,32161,0.19717951,-0.55772674,-0.17250042
2019-10-30 21:08:42,32171,0.19717951,-0.55772674,-0.17250042
2019-10-30 21:08:42,32181,0.19717951,-0.55772674,-0.17250042
2019-10-30 21:08:42,32191,0.19717951,-0.55772674,-0.17250042
2019-10-30 21:08:42,32202,0.19717951,-0.55772674,-0.17250042
